536903296,39.4699,-77.1022,29039
536903344,39.4698,-77.1023,29041
536903296,39.4697,-77.1024,29043
536903344,39.4697,-77.1025,29045
536903296,39.4696,-77.1026,29048
536903344,39.4695,-77.1027,29050
536903296,39.4694,-77.1028,29052
536903296,39.4694,-77.1029,29054
536903296,39.4693,-77.1030,29057
536903296,39.4692,-77.1031,29059
536903296,39.4692,-77.1032,29061
536903296,39.4691,-77.1033,29063
536903296,39.4690,-77.1034,29066
536903344,39.4690,-77.1035,29068
536903344,39.4689,-77.1036,29070
536903184,39.4688,-77.1037,29072
536903184,39.4688,-77.1038,29074
536903184,39.4687,-77.1039,29076
536903184,39.4686,-77.1040,29078
536903184,39.4686,-77.1041,29080
536903184,39.4685,-77.1042,29082
536903184,39.4684,-77.1043,29084
536903296,39.4684,-77.1044,29086
536903296,39.4683,-77.1045,29088
536903344,39.4682,-77.1046,29090
536903296,39.4682,-77.1047,29092
536903296,39.4681,-77.1048,29094
536903296,39.4681,-77.1049,29096
536903344,39.4680,-77.1050,29098
536903296,39.4679,-77.1051,29100
536903296,39.4679,-77.1052,29102
536903344,39.4678,-77.1054,29104
536903296,39.4677,-77.1055,29106
536903296,39.4677,-77.1056,29108
536903296,39.4676,-77.1057,29110
536903296,39.4676,-77.1058,29112
536903296,39.4675,-77.1059,29114
536903184,39.4674,-77.1059,29116
536903184,39.4674,-77.1060,29118
536903184,39.4673,-77.1061,29120
536903184,39.4673,-77.1062,29122
536903184,39.4672,-77.1063,29124
536903184,39.4672,-77.1064,29126
536903296,39.4671,-77.1065,29129
536903344,39.4671,-77.1066,29131
536903344,39.4670,-77.1067,29133
536903296,39.4670,-77.1068,29135
536903344,39.4669,-77.1069,29136
536903344,39.4669,-77.1070,29138
536903344,39.4668,-77.1070,29139
536903296,39.4667,-77.1071,29141
536903296,39.4667,-77.1072,29142
536903296,39.4666,-77.1073,29144
536903296,39.4666,-77.1074,29146
536903344,39.4665,-77.1075,29148
536903344,39.4665,-77.1076,29149
536903296,39.4664,-77.1077,29150
536903296,39.4664,-77.1077,29152
536903184,39.4663,-77.1078,29153
536903184,39.4662,-77.1079,29154
536903184,39.4662,-77.1080,29156
536903184,39.4661,-77.1081,29158
536903184,39.4661,-77.1082,29159
536903296,39.4660,-77.1083,29160
536903296,39.4660,-77.1084,29162
536903296,39.4659,-77.1084,29163
536903296,39.4658,-77.1085,29165
536903296,39.4658,-77.1086,29167
536903296,39.4657,-77.1087,29168
536903296,39.4657,-77.1088,29170
536903296,39.4656,-77.1089,29172
536903296,39.4656,-77.1090,29174
536903344,39.4655,-77.1091,29175
536903344,39.4655,-77.1092,29177
536903296,39.4654,-77.1092,29179
536903296,39.4654,-77.1093,29181
536903344,39.4653,-77.1094,29183
536903344,39.4653,-77.1095,29184
536903184,39.4653,-77.1096,29186
536903184,39.4652,-77.1097,29188
536903184,39.4652,-77.1098,29189
536903184,39.4652,-77.1099,29191
536903184,39.4651,-77.1100,29192
536903184,39.4651,-77.1101,29194
536903296,39.4650,-77.1102,29195
536903296,39.4650,-77.1103,29196
536903296,39.4650,-77.1104,29198
536903296,39.4649,-77.1105,29199
536903296,39.4649,-77.1106,29200
536903296,39.4649,-77.1107,29202
536903296,39.4648,-77.1108,29203
536903296,39.4648,-77.1109,29204
536903296,39.4648,-77.1110,29206
536903296,39.4647,-77.1111,29207
536903296,39.4647,-77.1112,29209
536903344,39.4647,-77.1113,29210
536903296,39.4647,-77.1114,29212
536903296,39.4646,-77.1115,29213
536903344,39.4646,-77.1116,29215
536903184,39.4646,-77.1117,29217
536903184,39.4645,-77.1118,29218
536903184,39.4645,-77.1119,29220
536903184,39.4645,-77.1120,29222
536903184,39.4644,-77.1121,29224
536903184,39.4644,-77.1122,29225
536903296,39.4643,-77.1123,29227
536903296,39.4643,-77.1124,29228
536903344,39.4643,-77.1125,29230
536903344,39.4642,-77.1126,29232
536903296,39.4642,-77.1127,29233
536903296,39.4641,-77.1128,29234
536903344,39.4641,-77.1129,29236
536903296,39.4640,-77.1130,29237
536903296,39.4640,-77.1131,29238
536903296,39.4639,-77.1132,29239
536903296,39.4639,-77.1133,29240
536903296,39.4638,-77.1134,29242
536903296,39.4638,-77.1135,29243
536903296,39.4637,-77.1138,29244
536903296,39.4636,-77.1139,29246
536903184,39.4636,-77.1140,29247
536903184,39.4635,-77.1141,29249
536903184,39.4635,-77.1142,29250
536903184,39.4634,-77.1143,29252
536903184,39.4634,-77.1144,29253
536903184,39.4633,-77.1145,29255
536903344,39.4633,-77.1146,29257
536903296,39.4632,-77.1147,29258
536903296,39.4632,-77.1148,29260
536903296,39.4631,-77.1149,29261
536903296,39.4631,-77.1150,29264
536903296,39.4630,-77.1151,29266
536903296,39.4630,-77.1152,29268
536903296,39.4629,-77.1153,29269
536903296,39.4629,-77.1155,29270
536903296,39.4628,-77.1156,29272
536903296,39.4628,-77.1157,29273
536903296,39.4628,-77.1158,29274
536903296,39.4627,-77.1159,29276
536903296,39.4627,-77.1160,29277
536903296,39.4626,-77.1161,29278
536903184,39.4626,-77.1163,29279
536903184,39.4625,-77.1164,29280
536903184,39.4625,-77.1165,29281
536903184,39.4624,-77.1166,29282
536903184,39.4624,-77.1167,29283
536903184,39.4623,-77.1169,29284
536903184,39.4623,-77.1170,29285
536903184,39.4622,-77.1171,29287
536903296,39.4621,-77.1172,29288
536903344,39.4621,-77.1173,29289
536903296,39.4620,-77.1174,29290
536903296,39.4620,-77.1176,29292
536903296,39.4619,-77.1177,29293
536903344,39.4619,-77.1178,29294
536903296,39.4618,-77.1179,29296
536903296,39.4618,-77.1180,29297
536903296,39.4617,-77.1181,29299
536903296,39.4617,-77.1183,29301
536903296,39.4616,-77.1184,29302
536903296,39.4616,-77.1185,29304
536903296,39.4615,-77.1186,29306
536903296,39.4614,-77.1188,29308
536903296,39.4614,-77.1189,29310
536903184,39.4613,-77.1190,29311
536903184,39.4613,-77.1191,29313
536903184,39.4612,-77.1192,29315
536903184,39.4612,-77.1194,29316
536903184,39.4611,-77.1195,29318
536903184,39.4610,-77.1196,29320
536903344,39.4610,-77.1197,29321
536903296,39.4609,-77.1198,29322
536903296,39.4609,-77.1199,29324
536903344,39.4608,-77.1201,29325
536903296,39.4607,-77.1202,29326
536903296,39.4607,-77.1203,29328
536903296,39.4606,-77.1204,29329
536903296,39.4606,-77.1206,29330
536903344,39.4605,-77.1207,29332
536903296,39.4604,-77.1208,29333
536903296,39.4604,-77.1209,29334
536903296,39.4603,-77.1210,29335
536903296,39.4603,-77.1212,29337
536903296,39.4602,-77.1213,29338
536903296,39.4601,-77.1214,29339
536903184,39.4601,-77.1216,29341
536903184,39.4600,-77.1217,29342
536903184,39.4600,-77.1218,29344
536903184,39.4599,-77.1219,29345
536903184,39.4598,-77.1221,29347
536903184,39.4598,-77.1222,29349
536903184,39.4597,-77.1223,29350
536903184,39.4597,-77.1225,29352
536903048,39.4596,-77.1226,29354
536903048,39.4596,-77.1227,29356
536903048,39.4595,-77.1228,29358
536903048,39.4595,-77.1230,29360
536903048,39.4594,-77.1231,29362
536903048,39.4594,-77.1232,29364
536903296,39.4593,-77.1234,29366
536903296,39.4593,-77.1235,29368
536903296,39.4592,-77.1236,29370
536903296,39.4592,-77.1238,29372
536903296,39.4591,-77.1239,29373
536903296,39.4591,-77.1240,29375
536903344,39.4590,-77.1242,29376
536903296,39.4590,-77.1243,29378
536903296,39.4590,-77.1244,29380
536903184,39.4589,-77.1247,29381
536903184,39.4588,-77.1248,29383
536903184,39.4588,-77.1249,29384
536903184,39.4587,-77.1250,29386
536903184,39.4587,-77.1252,29388
536903344,39.4587,-77.1253,29389
536903344,39.4586,-77.1254,29391
536903296,39.4586,-77.1255,29392
536903296,39.4585,-77.1257,29394
536903296,39.4585,-77.1258,29398
536903296,39.4584,-77.1259,29400
536903296,39.4584,-77.1260,29401
536903296,39.4584,-77.1262,29403
536903296,39.4583,-77.1263,29405
536903344,39.4583,-77.1264,29407
536903296,39.4582,-77.1265,29409
536903296,39.4582,-77.1267,29411
536903296,39.4582,-77.1268,29414
536903296,39.4581,-77.1269,29416
536903344,39.4581,-77.1270,29418
536903184,39.4580,-77.1272,29420
536903184,39.4580,-77.1273,29422
536903184,39.4580,-77.1274,29424
536903184,39.4579,-77.1275,29426
536903184,39.4579,-77.1276,29428
536903184,39.4578,-77.1278,29430
536903296,39.4578,-77.1279,29432
536903296,39.4577,-77.1280,29434
536903296,39.4577,-77.1281,29436
536903296,39.4576,-77.1282,29438
536903296,39.4576,-77.1283,29440
536903296,39.4575,-77.1284,29442
536903296,39.4575,-77.1286,29443
536903296,39.4574,-77.1287,29445
536903296,39.4574,-77.1288,29447
536903296,39.4574,-77.1289,29449
536903296,39.4573,-77.1290,29450
536903296,39.4573,-77.1291,29452
536903296,39.4572,-77.1292,29454
536903344,39.4572,-77.1293,29456
536903344,39.4571,-77.1294,29458
536903184,39.4571,-77.1296,29460
536903184,39.4570,-77.1297,29461
536903184,39.4570,-77.1298,29463
536903184,39.4569,-77.1299,29465
536903184,39.4569,-77.1300,29467
536903184,39.4568,-77.1301,29469
536903184,39.4568,-77.1302,29471
536903184,39.4568,-77.1303,29473
536903184,39.4567,-77.1304,29475
536903344,39.4567,-77.1305,29477
536903296,39.4566,-77.1306,29479
536903344,39.4566,-77.1307,29481
536903296,39.4565,-77.1308,29483
536903344,39.4565,-77.1309,29486
536903296,39.4564,-77.1311,29488
536903296,39.4564,-77.1311,29490
536903296,39.4564,-77.1312,29492
536903296,39.4563,-77.1314,29494
536903296,39.4563,-77.1315,29496
536903344,39.4562,-77.1316,29498
536903296,39.4562,-77.1317,29500
536903296,39.4562,-77.1318,29502
536903296,39.4561,-77.1319,29504
536903184,39.4561,-77.1320,29506
536903184,39.4560,-77.1321,29508
536903184,39.4560,-77.1322,29510
536903184,39.4560,-77.1323,29512
536903184,39.4559,-77.1324,29514
536903184,39.4559,-77.1325,29516
536903184,39.4559,-77.1326,29518
536903296,39.4558,-77.1327,29520
536903344,39.4558,-77.1328,29521
536903296,39.4558,-77.1329,29523
536903296,39.4557,-77.1330,29525
536903344,39.4557,-77.1331,29527
536903344,39.4557,-77.1332,29529
536903296,39.4556,-77.1333,29531
536903296,39.4556,-77.1334,29533
536903296,39.4556,-77.1335,29535
536903296,39.4555,-77.1336,29537
536903296,39.4555,-77.1337,29539
536903296,39.4555,-77.1338,29541
536903296,39.4554,-77.1339,29543
536903344,39.4554,-77.1340,29545
536903344,39.4554,-77.1341,29547
536903184,39.4553,-77.1342,29549
536903184,39.4553,-77.1344,29551
536903184,39.4552,-77.1345,29553
536903184,39.4552,-77.1346,29555
536903184,39.4552,-77.1347,29556
536903184,39.4551,-77.1348,29558
536903184,39.4551,-77.1349,29560
536903184,39.4551,-77.1350,29562
536903296,39.4550,-77.1351,29564
536903296,39.4550,-77.1352,29566
536903344,39.4550,-77.1353,29568
536903296,39.4550,-77.1354,29570
536903296,39.4549,-77.1355,29574
536903344,39.4549,-77.1356,29576
536903296,39.4549,-77.1357,29578
536903296,39.4548,-77.1358,29580
536903344,39.4548,-77.1359,29582
536903344,39.4548,-77.1360,29584
536903296,39.4548,-77.1361,29586
536903296,39.4547,-77.1362,29588
536903296,39.4547,-77.1363,29590
536903344,39.4547,-77.1364,29592
536903344,39.4547,-77.1364,29593
536903184,39.4546,-77.1365,29595
536903184,39.4546,-77.1366,29597
536903184,39.4546,-77.1367,29599
536903184,39.4546,-77.1368,29601
536903184,39.4545,-77.1369,29603
536903184,39.4545,-77.1370,29605
536903184,39.4545,-77.1371,29606
536903184,39.4545,-77.1372,29608
536903296,39.4545,-77.1373,29610
536903344,39.4544,-77.1374,29612
536903296,39.4544,-77.1375,29614
536903296,39.4544,-77.1376,29615
536903296,39.4544,-77.1377,29617
536903296,39.4544,-77.1378,29619
536903296,39.4543,-77.1379,29621
536903344,39.4543,-77.1380,29622
536903344,39.4543,-77.1380,29624
536903296,39.4543,-77.1381,29626
536903344,39.4543,-77.1382,29628
536903296,39.4542,-77.1383,29629
536903344,39.4542,-77.1384,29631
536903296,39.4542,-77.1385,29632
536903184,39.4542,-77.1386,29634
536903184,39.4542,-77.1387,29636
536903184,39.4542,-77.1388,29637
536903184,39.4542,-77.1389,29639
536903184,39.4541,-77.1390,29641
536903344,39.4541,-77.1391,29642
536903344,39.4541,-77.1392,29644
536903296,39.4541,-77.1393,29645
536903344,39.4541,-77.1394,29647
536903296,39.4541,-77.1395,29649
536903296,39.4541,-77.1396,29651
536903296,39.4540,-77.1397,29652
536903296,39.4540,-77.1398,29654
536903344,39.4540,-77.1399,29656
536903296,39.4540,-77.1400,29658
536903296,39.4540,-77.1401,29659
536903296,39.4540,-77.1402,29661
536903296,39.4539,-77.1403,29663
536903344,39.4539,-77.1404,29664
536903296,39.4539,-77.1405,29665
536903184,39.4539,-77.1406,29667
536903184,39.4538,-77.1407,29668
536903184,39.4538,-77.1408,29669
536903184,39.4538,-77.1409,29670
536903184,39.4538,-77.1410,29671
536903184,39.4537,-77.1411,29672
536903184,39.4537,-77.1412,29673
536903184,39.4537,-77.1413,29674
536903296,39.4537,-77.1414,29675
536903344,39.4536,-77.1415,29676
536903344,39.4536,-77.1416,29678
536903296,39.4536,-77.1417,29679
536903344,39.4535,-77.1419,29680
536903296,39.4535,-77.1420,29681
536903344,39.4535,-77.1421,29683
536903296,39.4535,-77.1422,29684
536903344,39.4534,-77.1423,29685
536903296,39.4534,-77.1423,29687
536903344,39.4534,-77.1424,29688
536903296,39.4534,-77.1425,29690
536903296,39.4533,-77.1426,29691
536903296,39.4533,-77.1427,29693
536903296,39.4533,-77.1428,29694
536903184,39.4533,-77.1429,29697
536903184,39.4532,-77.1430,29699
536903184,39.4532,-77.1431,29700
536903184,39.4532,-77.1432,29702
536903184,39.4532,-77.1432,29703
536903184,39.4532,-77.1433,29705
536903184,39.4531,-77.1434,29706
536903344,39.4531,-77.1435,29707
536903296,39.4531,-77.1436,29709
536903344,39.4531,-77.1436,29710
536903296,39.4530,-77.1437,29711
536903296,39.4530,-77.1438,29713
536903296,39.4530,-77.1439,29714
536903296,39.4530,-77.1439,29715
536903296,39.4530,-77.1440,29716
536903296,39.4529,-77.1441,29717
536903296,39.4529,-77.1442,29718
536903296,39.4529,-77.1442,29719
536903344,39.4529,-77.1443,29720
536903296,39.4529,-77.1444,29721
536903296,39.4528,-77.1445,29722
536903184,39.4528,-77.1445,29723
536903184,39.4528,-77.1446,29724
536903184,39.4528,-77.1447,29725
536903184,39.4527,-77.1448,29727
536903184,39.4527,-77.1448,29728
536903184,39.4527,-77.1449,29729
536903184,39.4527,-77.1450,29730
536903296,39.4527,-77.1450,29732
536903296,39.4526,-77.1451,29733
536903344,39.4526,-77.1452,29734
536903296,39.4526,-77.1453,29736
536903296,39.4526,-77.1453,29737
536903296,39.4526,-77.1454,29739
536903296,39.4525,-77.1455,29740
536903296,39.4525,-77.1456,29741
536903296,39.4525,-77.1456,29743
536903296,39.4525,-77.1457,29744
536903296,39.4525,-77.1458,29745
536903344,39.4524,-77.1459,29746
536903296,39.4524,-77.1460,29747
536903296,39.4524,-77.1460,29748
536903296,39.4524,-77.1461,29749
536903184,39.4524,-77.1462,29750
536903184,39.4524,-77.1463,29751
536903184,39.4523,-77.1464,29751
536903184,39.4523,-77.1465,29752
536903184,39.4523,-77.1465,29753
536903344,39.4523,-77.1466,29754
536903296,39.4523,-77.1467,29754
536903296,39.4523,-77.1468,29755
536903296,39.4522,-77.1469,29756
536903344,39.4522,-77.1469,29757
536903344,39.4522,-77.1470,29758
536903296,39.4522,-77.1471,29759
536903296,39.4522,-77.1472,29760
536903296,39.4522,-77.1473,29760
536903296,39.4522,-77.1473,29761
536903296,39.4521,-77.1474,29762
536903296,39.4521,-77.1475,29763
536903344,39.4521,-77.1476,29764
536903296,39.4521,-77.1477,29765
536903184,39.4521,-77.1477,29766
536903184,39.4521,-77.1478,29767
536903184,39.4520,-77.1479,29768
536903184,39.4520,-77.1480,29769
536903184,39.4520,-77.1481,29770
536903184,39.4520,-77.1481,29772
536903184,39.4520,-77.1482,29773
536903296,39.4520,-77.1483,29774
536903296,39.4520,-77.1484,29776
536903296,39.4519,-77.1484,29777
536903344,39.4519,-77.1485,29779
536903344,39.4519,-77.1486,29780
536903344,39.4519,-77.1486,29782
536903296,39.4519,-77.1487,29783
536903344,39.4518,-77.1488,29785
536903296,39.4518,-77.1489,29786
536903296,39.4518,-77.1489,29787
536903296,39.4518,-77.1490,29789
536903296,39.4518,-77.1491,29790
536903296,39.4518,-77.1491,29791
536903296,39.4518,-77.1492,29792
536903344,39.4518,-77.1492,29794
536903184,39.4517,-77.1493,29795
536903184,39.4517,-77.1494,29796
536903184,39.4517,-77.1494,29798
536903184,39.4517,-77.1495,29800
536903184,39.4517,-77.1495,29802
536903184,39.4517,-77.1496,29803
536903296,39.4517,-77.1496,29805
536903296,39.4516,-77.1497,29806
536903296,39.4516,-77.1497,29808
536903296,39.4516,-77.1498,29810
536903296,39.4516,-77.1499,29811
536903296,39.4516,-77.1499,29813
536903344,39.4516,-77.1500,29815
536903296,39.4516,-77.1500,29816
536903296,39.4515,-77.1501,29818
536903296,39.4515,-77.1501,29820
536903296,39.4515,-77.1502,29821
536903296,39.4515,-77.1502,29823
536903296,39.4515,-77.1503,29825
536903296,39.4515,-77.1503,29826
536903296,39.4515,-77.1504,29828
536903184,39.4515,-77.1505,29829
536903184,39.4515,-77.1505,29831
536903184,39.4515,-77.1506,29832
536903184,39.4515,-77.1506,29834
536903296,39.4515,-77.1507,29835
536903296,39.4514,-77.1507,29836
536903296,39.4514,-77.1508,29837
536903344,39.4514,-77.1509,29838
536903296,39.4514,-77.1509,29840
536903296,39.4514,-77.1510,29841
536903296,39.4514,-77.1510,29842
536903296,39.4514,-77.1511,29843
536903296,39.4514,-77.1511,29844
536903296,39.4514,-77.1512,29845
536903344,39.4514,-77.1512,29847
536903296,39.4514,-77.1513,29848
536903296,39.4514,-77.1514,29849
536903296,39.4514,-77.1514,29851
536903296,39.4514,-77.1515,29852
536903184,39.4514,-77.1515,29854
536903184,39.4514,-77.1516,29855
536903184,39.4514,-77.1516,29857
536903184,39.4514,-77.1517,29858
536903184,39.4514,-77.1517,29860
536903184,39.4514,-77.1518,29862
536903184,39.4514,-77.1519,29864
536903296,39.4514,-77.1519,29865
536903296,39.4514,-77.1520,29867
536903296,39.4514,-77.1520,29869
536903296,39.4514,-77.1521,29871
536903296,39.4514,-77.1521,29873
536903296,39.4514,-77.1521,29875
536903344,39.4514,-77.1522,29877
536903296,39.4514,-77.1522,29878
536903296,39.4514,-77.1523,29880
536903296,39.4514,-77.1523,29882
536903344,39.4514,-77.1523,29884
536903344,39.4514,-77.1524,29885
536903296,39.4514,-77.1524,29887
536903344,39.4514,-77.1525,29889
536903296,39.4514,-77.1525,29890
536903184,39.4515,-77.1525,29892
536903184,39.4515,-77.1526,29893
536903184,39.4515,-77.1526,29895
536903184,39.4515,-77.1526,29896
536903184,39.4515,-77.1527,29898
536903184,39.4515,-77.1527,29899
536903296,39.4515,-77.1527,29901
536903296,39.4515,-77.1528,29903
536903296,39.4515,-77.1528,29905
536903296,39.4515,-77.1528,29906
536903296,39.4515,-77.1529,29908
536903296,39.4514,-77.1529,29910
536903296,39.4514,-77.1529,29911
536903344,39.4514,-77.1530,29913
536903296,39.4514,-77.1530,29915
536903296,39.4514,-77.1531,29917
536903296,39.4514,-77.1531,29918
536903296,39.4514,-77.1531,29920
536903344,39.4514,-77.1532,29922
536903296,39.4514,-77.1532,29924
536903296,39.4514,-77.1533,29926
536903184,39.4514,-77.1533,29928
536903184,39.4514,-77.1533,29929
536903184,39.4513,-77.1534,29931
536903184,39.4513,-77.1534,29932
536903184,39.4513,-77.1534,29934
536903296,39.4513,-77.1535,29935
536903296,39.4513,-77.1535,29938
536903296,39.4513,-77.1535,29939
536903296,39.4513,-77.1536,29940
536903296,39.4512,-77.1536,29942
536903296,39.4512,-77.1536,29943
536903296,39.4512,-77.1537,29945
536903344,39.4512,-77.1537,29946
536903296,39.4512,-77.1537,29947
536903296,39.4512,-77.1538,29949
536903296,39.4511,-77.1538,29950
536903296,39.4511,-77.1538,29952
536903296,39.4511,-77.1539,29953
536903296,39.4511,-77.1539,29954
536903344,39.4511,-77.1540,29956
536903184,39.4510,-77.1540,29957
536903184,39.4510,-77.1540,29958
536903184,39.4510,-77.1541,29960
536903184,39.4510,-77.1541,29961
536903184,39.4510,-77.1542,29963
536903184,39.4510,-77.1542,29965
536903296,39.4509,-77.1542,29966
536903296,39.4509,-77.1543,29968
536903296,39.4509,-77.1543,29969
536903344,39.4509,-77.1544,29971
536903296,39.4509,-77.1544,29973
536903296,39.4508,-77.1544,29974
536903296,39.4508,-77.1545,29976
536903296,39.4508,-77.1545,29977
536903296,39.4508,-77.1546,29979
536903296,39.4508,-77.1546,29980
536903296,39.4507,-77.1547,29982
536903344,39.4507,-77.1547,29983
536903296,39.4507,-77.1548,29985
536903296,39.4507,-77.1548,29986
536903296,39.4507,-77.1548,29988
536903184,39.4506,-77.1549,29989
536903184,39.4506,-77.1549,29991
536903184,39.4506,-77.1550,29992
536903184,39.4506,-77.1550,29994
536903184,39.4506,-77.1551,29996
536903184,39.4505,-77.1551,29997
536903184,39.4505,-77.1552,29999
536903184,39.4505,-77.1552,30000
536903296,39.4505,-77.1552,30002
536903296,39.4505,-77.1553,30003
536903296,39.4504,-77.1553,30005
536903344,39.4504,-77.1554,30007
536903296,39.4504,-77.1554,30008
536903296,39.4504,-77.1555,30010
536903296,39.4504,-77.1555,30011
536903296,39.4503,-77.1556,30012
536903344,39.4503,-77.1556,30014
536903344,39.4503,-77.1557,30015
536903344,39.4503,-77.1557,30017
536903296,39.4503,-77.1558,30019
536903296,39.4502,-77.1558,30020
536903296,39.4502,-77.1558,30022
536903296,39.4502,-77.1559,30023
536903184,39.4502,-77.1559,30024
536903184,39.4502,-77.1560,30026
536903184,39.4502,-77.1560,30027
536903184,39.4501,-77.1561,30028
536903184,39.4501,-77.1561,30030
536903344,39.4501,-77.1562,30031
536903344,39.4501,-77.1562,30032
536903344,39.4501,-77.1562,30033
536903296,39.4500,-77.1563,30034
536903296,39.4500,-77.1563,30035
536903296,39.4500,-77.1564,30036
536903344,39.4500,-77.1564,30037
536903344,39.4500,-77.1565,30038
536903344,39.4499,-77.1565,30039
536903344,39.4499,-77.1566,30040
536903344,39.4499,-77.1566,30041
536903296,39.4499,-77.1566,30042
536903344,39.4499,-77.1567,30043
536903296,39.4498,-77.1567,30044
536903296,39.4498,-77.1568,30044
536903184,39.4498,-77.1569,30045
536903184,39.4498,-77.1569,30047
536903184,39.4497,-77.1570,30048
536903184,39.4497,-77.1570,30049
536903184,39.4497,-77.1571,30050
536903184,39.4497,-77.1571,30051
536903344,39.4497,-77.1572,30052
536903296,39.4496,-77.1572,30053
536903296,39.4496,-77.1572,30054
536903296,39.4496,-77.1573,30056
536903296,39.4496,-77.1573,30057
536903296,39.4495,-77.1574,30058
536903344,39.4495,-77.1574,30061
536903296,39.4495,-77.1575,30062
536903296,39.4495,-77.1576,30064
536903296,39.4494,-77.1576,30065
536903296,39.4494,-77.1577,30066
536903296,39.4494,-77.1577,30068
536903296,39.4494,-77.1578,30069
536903344,39.4493,-77.1578,30070
536903184,39.4493,-77.1579,30071
536903184,39.4493,-77.1580,30073
536903184,39.4492,-77.1580,30074
536903184,39.4492,-77.1581,30075
536903184,39.4492,-77.1581,30076
536903184,39.4492,-77.1582,30077
536903184,39.4491,-77.1582,30078
536903296,39.4491,-77.1583,30079
536903344,39.4491,-77.1584,30079
536903296,39.4490,-77.1584,30080
536903296,39.4490,-77.1585,30081
536903296,39.4490,-77.1585,30082
536903296,39.4489,-77.1586,30083
536903296,39.4489,-77.1587,30084
536903344,39.4489,-77.1587,30084
536903344,39.4488,-77.1588,30085
536903344,39.4488,-77.1588,30086
536903296,39.4488,-77.1589,30087
536903296,39.4488,-77.1589,30088
536903344,39.4487,-77.1590,30088
536903344,39.4487,-77.1591,30089
536903296,39.4487,-77.1591,30090
536903184,39.4486,-77.1592,30091
536903184,39.4486,-77.1592,30092
536903184,39.4485,-77.1593,30093
536903184,39.4485,-77.1593,30093
536903184,39.4485,-77.1594,30094
536903184,39.4484,-77.1594,30095
536903184,39.4484,-77.1595,30096
536903184,39.4484,-77.1595,30097
536903296,39.4483,-77.1596,30097
536903344,39.4483,-77.1596,30098
536903296,39.4482,-77.1597,30099
536903296,39.4482,-77.1597,30100
536903344,39.4482,-77.1598,30101
536903296,39.4481,-77.1598,30101
536903296,39.4481,-77.1599,30102
536903344,39.4480,-77.1599,30103
536903296,39.4480,-77.1600,30104
536903296,39.4480,-77.1600,30104
536903296,39.4479,-77.1601,30105
536903296,39.4479,-77.1601,30106
536903344,39.4478,-77.1602,30107
536903296,39.4478,-77.1602,30107
536903184,39.4478,-77.1602,30108
536903184,39.4477,-77.1603,30108
536903184,39.4477,-77.1603,30109
536903184,39.4476,-77.1604,30110
536903184,39.4476,-77.1604,30110
536903184,39.4475,-77.1605,30111
536903184,39.4475,-77.1605,30111
536903344,39.4475,-77.1605,30112
536903296,39.4474,-77.1606,30113
536903344,39.4474,-77.1606,30113
536903296,39.4473,-77.1607,30114
536903296,39.4473,-77.1607,30114
536903296,39.4472,-77.1608,30115
536903296,39.4472,-77.1608,30115
536903296,39.4472,-77.1608,30116
536903344,39.4471,-77.1609,30117
536903344,39.4471,-77.1609,30117
536903296,39.4470,-77.1609,30118
536903296,39.4470,-77.1610,30119
536903296,39.4469,-77.1610,30120
536903296,39.4469,-77.1611,30120
536903296,39.4469,-77.1611,30121
536903184,39.4468,-77.1612,30122
536903184,39.4467,-77.1612,30122
536903184,39.4467,-77.1613,30123
536903184,39.4466,-77.1613,30123
536903184,39.4466,-77.1614,30124
536903184,39.4466,-77.1614,30125
536903184,39.4465,-77.1614,30125
536903296,39.4465,-77.1615,30126
536903296,39.4464,-77.1615,30126
536903296,39.4464,-77.1616,30126
536903296,39.4463,-77.1616,30127
536903296,39.4463,-77.1617,30128
536903296,39.4462,-77.1617,30128
536903296,39.4462,-77.1617,30129
536903296,39.4462,-77.1618,30130
536903296,39.4461,-77.1618,30131
536903296,39.4461,-77.1619,30131
536903296,39.4460,-77.1619,30132
536903296,39.4460,-77.1620,30132
536903344,39.4459,-77.1620,30133
536903296,39.4459,-77.1621,30134
536903344,39.4458,-77.1621,30134
536903184,39.4458,-77.1622,30135
536903184,39.4458,-77.1622,30136
536903184,39.4457,-77.1623,30136
536903184,39.4457,-77.1623,30137
536903184,39.4456,-77.1624,30138
536903184,39.4456,-77.1624,30138
536903296,39.4455,-77.1625,30139
536903296,39.4455,-77.1625,30139
536903296,39.4455,-77.1626,30140
536903344,39.4454,-77.1627,30141
536903296,39.4454,-77.1627,30142
536903296,39.4453,-77.1628,30142
536903296,39.4453,-77.1628,30143
536903296,39.4452,-77.1629,30144
536903296,39.4452,-77.1630,30145
536903296,39.4452,-77.1630,30145
536903296,39.4451,-77.1631,30146
536903296,39.4451,-77.1632,30147
536903296,39.4451,-77.1632,30148
536903296,39.4450,-77.1633,30148
536903296,39.4450,-77.1634,30149
536903184,39.4449,-77.1634,30150
536903184,39.4449,-77.1635,30151
536903184,39.4449,-77.1636,30152
536903184,39.4448,-77.1636,30153
536903184,39.4448,-77.1637,30154
536903184,39.4448,-77.1638,30155
536903296,39.4447,-77.1638,30156
536903296,39.4447,-77.1639,30157
536903296,39.4446,-77.1640,30158
536903296,39.4446,-77.1640,30159
536903296,39.4446,-77.1641,30160
536903296,39.4445,-77.1642,30160
536903296,39.4445,-77.1643,30161
536903296,39.4445,-77.1643,30162
536903296,39.4444,-77.1644,30163
536903296,39.4444,-77.1645,30164
536903344,39.4444,-77.1646,30164
536903344,39.4443,-77.1646,30165
536903296,39.4443,-77.1647,30166
536903296,39.4442,-77.1648,30167
536903344,39.4442,-77.1648,30168
536903184,39.4442,-77.1649,30168
536903184,39.4441,-77.1650,30169
536903184,39.4441,-77.1651,30170
536903184,39.4440,-77.1652,30171
536903184,39.4440,-77.1652,30172
536903184,39.4440,-77.1653,30173
536903184,39.4439,-77.1654,30174
536903184,39.4439,-77.1655,30175
536903296,39.4438,-77.1655,30176
536903296,39.4438,-77.1656,30177
536903296,39.4438,-77.1657,30178
536903296,39.4437,-77.1657,30179
536903296,39.4437,-77.1658,30180
536903296,39.4436,-77.1659,30181
536903344,39.4436,-77.1660,30182
536903296,39.4436,-77.1661,30184
536903296,39.4435,-77.1661,30185
536903296,39.4435,-77.1662,30186
536903296,39.4434,-77.1663,30187
536903296,39.4434,-77.1664,30188
536903344,39.4433,-77.1665,30189
536903296,39.4433,-77.1665,30190
536903344,39.4432,-77.1666,30191
536903184,39.4432,-77.1667,30192
536903184,39.4431,-77.1669,30193
536903184,39.4431,-77.1669,30195
536903184,39.4430,-77.1670,30196
536903184,39.4430,-77.1671,30197
536903184,39.4429,-77.1672,30198
536903184,39.4429,-77.1673,30200
536903296,39.4429,-77.1674,30201
536903296,39.4428,-77.1674,30203
536903296,39.4428,-77.1675,30204
536903296,39.4427,-77.1676,30206
536903296,39.4427,-77.1677,30207
536903296,39.4426,-77.1678,30210
536903296,39.4426,-77.1678,30212
536903296,39.4425,-77.1679,30213
536903344,39.4425,-77.1680,30215
536903296,39.4425,-77.1681,30216
536903296,39.4424,-77.1682,30218
536903296,39.4424,-77.1682,30219
536903296,39.4423,-77.1683,30221
536903296,39.4423,-77.1684,30223
536903184,39.4422,-77.1685,30224
536903184,39.4422,-77.1686,30226
536903184,39.4422,-77.1686,30227
536903184,39.4421,-77.1687,30229
536903184,39.4421,-77.1688,30230
536903184,39.4420,-77.1689,30232
536903184,39.4420,-77.1690,30233
536903184,39.4420,-77.1690,30235
536903184,39.4419,-77.1691,30236
536903296,39.4419,-77.1692,30237
536903296,39.4418,-77.1693,30239
536903296,39.4418,-77.1693,30240
536903296,39.4417,-77.1694,30242
536903344,39.4417,-77.1695,30243
536903344,39.4416,-77.1696,30244
536903344,39.4416,-77.1696,30246
536903344,39.4416,-77.1697,30247
536903296,39.4415,-77.1698,30248
536903344,39.4415,-77.1699,30250
536903344,39.4414,-77.1699,30251
536903296,39.4414,-77.1700,30252
536903296,39.4413,-77.1701,30254
536903296,39.4413,-77.1702,30255
536903184,39.4412,-77.1702,30256
536903184,39.4412,-77.1703,30258
536903184,39.4412,-77.1704,30259
536903184,39.4411,-77.1705,30260
536903184,39.4411,-77.1705,30261
536903184,39.4410,-77.1706,30262
536903184,39.4410,-77.1707,30263
536903344,39.4409,-77.1708,30265
536903344,39.4409,-77.1708,30266
536903296,39.4408,-77.1709,30267
536903296,39.4408,-77.1710,30268
536903296,39.4407,-77.1711,30270
536903296,39.4407,-77.1711,30271
536903296,39.4406,-77.1712,30272
536903344,39.4406,-77.1713,30273
536903296,39.4405,-77.1714,30274
536903296,39.4405,-77.1715,30276
536903296,39.4404,-77.1715,30277
536903296,39.4404,-77.1716,30278
536903296,39.4403,-77.1717,30280
536903296,39.4403,-77.1718,30281
536903296,39.4402,-77.1719,30283
536903184,39.4402,-77.1719,30284
536903184,39.4401,-77.1720,30285
536903184,39.4401,-77.1721,30287
536903184,39.4400,-77.1722,30289
536903184,39.4400,-77.1723,30290
536903184,39.4399,-77.1723,30292
536903344,39.4399,-77.1724,30293
536903344,39.4398,-77.1725,30295
536903296,39.4398,-77.1726,30296
536903344,39.4397,-77.1727,30298
536903296,39.4396,-77.1728,30299
536903296,39.4396,-77.1729,30301
536903296,39.4395,-77.1729,30303
536903296,39.4395,-77.1730,30304
536903296,39.4394,-77.1731,30306
536903296,39.4394,-77.1732,30307
536903296,39.4393,-77.1733,30308
536903296,39.4392,-77.1734,30310
536903296,39.4392,-77.1734,30311
536903296,39.4391,-77.1735,30313
536903296,39.4391,-77.1736,30314
536903184,39.4390,-77.1737,30316
536903184,39.4389,-77.1738,30317
536903184,39.4389,-77.1739,30318
536903184,39.4388,-77.1740,30320
536903184,39.4387,-77.1741,30321
536903184,39.4386,-77.1742,30322
536903184,39.4386,-77.1743,30323
536903184,39.4385,-77.1744,30325
536903296,39.4385,-77.1745,30326
536903296,39.4384,-77.1746,30327
536903296,39.4383,-77.1746,30328
536903344,39.4383,-77.1747,30329
536903296,39.4382,-77.1748,30331
536903344,39.4381,-77.1749,30332
536903344,39.4381,-77.1750,30334
536903296,39.4380,-77.1751,30335
536903296,39.4379,-77.1752,30336
536903296,39.4379,-77.1753,30337
536903296,39.4378,-77.1754,30338
536903344,39.4378,-77.1755,30339
536903296,39.4377,-77.1756,30340
536903296,39.4376,-77.1757,30341
536903296,39.4376,-77.1757,30342
536903184,39.4375,-77.1758,30343
536903184,39.4374,-77.1759,30344
536903184,39.4374,-77.1760,30344
536903184,39.4373,-77.1761,30345
536903184,39.4373,-77.1762,30345
536903184,39.4372,-77.1763,30346
536903184,39.4371,-77.1764,30347
536903184,39.4371,-77.1765,30348
536903184,39.4370,-77.1766,30349
536903296,39.4370,-77.1767,30350
536903296,39.4369,-77.1768,30351
536903296,39.4368,-77.1769,30352
536903296,39.4368,-77.1770,30353
536903296,39.4367,-77.1771,30353
536903296,39.4367,-77.1772,30354
536903344,39.4366,-77.1773,30355
536903344,39.4366,-77.1774,30356
536903296,39.4365,-77.1775,30357
536903296,39.4364,-77.1776,30357
536903344,39.4364,-77.1777,30358
536903296,39.4363,-77.1778,30359
536903296,39.4363,-77.1779,30359
536903344,39.4362,-77.1780,30360
536903344,39.4362,-77.1781,30361
536903296,39.4361,-77.1782,30361
536903296,39.4361,-77.1784,30362
536903296,39.4360,-77.1785,30363
536903344,39.4360,-77.1786,30363
536903296,39.4359,-77.1787,30364
536903296,39.4359,-77.1788,30364
536903296,39.4358,-77.1789,30365
536903296,39.4358,-77.1790,30366
536903296,39.4357,-77.1791,30366
536903296,39.4357,-77.1792,30367
536903296,39.4356,-77.1793,30367
536903344,39.4356,-77.1794,30368
536903296,39.4355,-77.1795,30368
536903296,39.4355,-77.1796,30369
536903296,39.4354,-77.1797,30370
536903184,39.4354,-77.1798,30370
536903184,39.4353,-77.1799,30371
536903184,39.4352,-77.1800,30371
536903184,39.4352,-77.1801,30372
536903184,39.4352,-77.1802,30373
536903184,39.4351,-77.1803,30373
536903296,39.4351,-77.1804,30374
536903296,39.4350,-77.1805,30374
536903296,39.4350,-77.1806,30375
536903344,39.4349,-77.1807,30376
536903296,39.4349,-77.1808,30376
536903296,39.4348,-77.1809,30377
536903296,39.4348,-77.1810,30378
536903296,39.4347,-77.1812,30378
536903296,39.4347,-77.1813,30379
536903296,39.4346,-77.1814,30380
536903344,39.4346,-77.1815,30380
536903344,39.4345,-77.1816,30381
536903296,39.4345,-77.1817,30382
536903296,39.4344,-77.1818,30382
536903296,39.4344,-77.1819,30383
536903184,39.4343,-77.1820,30383
536903184,39.4343,-77.1821,30384
536903184,39.4342,-77.1822,30385
536903184,39.4342,-77.1823,30385
536903184,39.4341,-77.1824,30386
536903296,39.4341,-77.1825,30387
536903296,39.4340,-77.1826,30387
536903296,39.4340,-77.1827,30388
536903296,39.4339,-77.1829,30389
536903296,39.4339,-77.1830,30389
536903296,39.4338,-77.1831,30390
536903296,39.4338,-77.1832,30391
536903296,39.4337,-77.1833,30391
536903296,39.4337,-77.1834,30392
536903296,39.4337,-77.1836,30393
536903296,39.4336,-77.1837,30393
536903296,39.4336,-77.1838,30394
536903296,39.4335,-77.1839,30394
536903296,39.4335,-77.1840,30395
536903184,39.4335,-77.1841,30396
536903184,39.4334,-77.1842,30397
536903184,39.4334,-77.1843,30398
536903184,39.4333,-77.1844,30399
536903184,39.4333,-77.1845,30399
536903184,39.4333,-77.1846,30400
536903184,39.4332,-77.1847,30401
536903296,39.4332,-77.1848,30401
536903344,39.4332,-77.1849,30402
536903344,39.4331,-77.1850,30402
536903296,39.4331,-77.1851,30403
536903296,39.4330,-77.1852,30404
536903296,39.4330,-77.1853,30405
536903344,39.4330,-77.1855,30405
536903344,39.4329,-77.1856,30406
536903296,39.4329,-77.1857,30406
536903344,39.4329,-77.1858,30407
536903296,39.4329,-77.1859,30408
536903296,39.4328,-77.1860,30408
536903344,39.4328,-77.1861,30409
536903296,39.4328,-77.1862,30409
536903296,39.4327,-77.1863,30410
536903184,39.4327,-77.1864,30411
536903184,39.4327,-77.1866,30412
536903296,39.4326,-77.1867,30412
536903296,39.4326,-77.1868,30413
536903296,39.4326,-77.1869,30414
536903344,39.4326,-77.1870,30414
536903344,39.4325,-77.1871,30415
536903296,39.4325,-77.1872,30416
536903296,39.4325,-77.1873,30417
536903296,39.4325,-77.1874,30417
536903296,39.4324,-77.1876,30418
536903296,39.4324,-77.1877,30419
536903296,39.4324,-77.1878,30420
536903344,39.4324,-77.1879,30421
536903296,39.4323,-77.1880,30421
536903344,39.4323,-77.1881,30422
536903344,39.4323,-77.1882,30423
536903184,39.4323,-77.1883,30424
536903184,39.4322,-77.1884,30424
536903184,39.4322,-77.1886,30425
536903184,39.4322,-77.1887,30426
536903184,39.4322,-77.1888,30427
536903184,39.4322,-77.1889,30428
536903184,39.4321,-77.1890,30429
536903184,39.4321,-77.1891,30429
536903344,39.4321,-77.1892,30430
536903344,39.4321,-77.1893,30431
536903344,39.4320,-77.1894,30432
536903296,39.4320,-77.1896,30433
536903296,39.4320,-77.1897,30434
536903296,39.4320,-77.1898,30434
536903296,39.4320,-77.1899,30435
536903296,39.4319,-77.1900,30436
536903296,39.4319,-77.1901,30437
536903296,39.4319,-77.1902,30438
536903296,39.4319,-77.1903,30439
536903296,39.4318,-77.1904,30440
536903296,39.4318,-77.1906,30441
536903296,39.4318,-77.1907,30442
536903344,39.4318,-77.1908,30443
536903184,39.4318,-77.1909,30444
536903184,39.4317,-77.1910,30445
536903184,39.4317,-77.1911,30446
536903184,39.4317,-77.1912,30447
536903184,39.4317,-77.1913,30448
536903184,39.4317,-77.1914,30449
536903184,39.4316,-77.1915,30450
536903344,39.4316,-77.1917,30451
536903344,39.4316,-77.1918,30452
536903296,39.4316,-77.1919,30453
536903296,39.4316,-77.1920,30454
536903296,39.4316,-77.1921,30455
536903296,39.4315,-77.1922,30456
536903296,39.4315,-77.1924,30457
536903296,39.4315,-77.1925,30458
536903344,39.4315,-77.1926,30459
536903296,39.4314,-77.1927,30460
536903296,39.4314,-77.1928,30461
536903296,39.4314,-77.1930,30462
536903296,39.4314,-77.1931,30463
536903344,39.4314,-77.1932,30464
536903296,39.4314,-77.1933,30466
536903184,39.4313,-77.1934,30467
536903184,39.4313,-77.1935,30468
536903184,39.4313,-77.1936,30470
536903184,39.4313,-77.1937,30471
536903296,39.4313,-77.1938,30472
536903296,39.4313,-77.1939,30473
536903344,39.4313,-77.1940,30474
536903296,39.4312,-77.1941,30475
536903296,39.4312,-77.1942,30476
536903296,39.4312,-77.1943,30477
536903048,39.4312,-77.1944,30478
536903048,39.4312,-77.1945,30479
536903048,39.4312,-77.1946,30480
536903048,39.4311,-77.1947,30482
536903048,39.4311,-77.1948,30483
536903048,39.4311,-77.1949,30484
536903048,39.4311,-77.1950,30485
536903048,39.4311,-77.1951,30486
536903048,39.4311,-77.1952,30487
536903048,39.4311,-77.1953,30488
536903184,39.4310,-77.1954,30489
536903184,39.4310,-77.1955,30490
536903184,39.4310,-77.1956,30492
536903184,39.4310,-77.1957,30493
536903184,39.4310,-77.1958,30494
536903296,39.4310,-77.1959,30495
536903296,39.4310,-77.1960,30496
536903296,39.4309,-77.1961,30497
536903296,39.4309,-77.1962,30498
536903296,39.4309,-77.1963,30500
536903296,39.4309,-77.1964,30501
536903344,39.4309,-77.1965,30502
536903296,39.4309,-77.1966,30503
536903296,39.4309,-77.1967,30504
536903296,39.4308,-77.1968,30506
536903296,39.4308,-77.1969,30507
536903344,39.4308,-77.1970,30508
536903296,39.4308,-77.1971,30509
536903296,39.4308,-77.1972,30510
536903184,39.4308,-77.1973,30511
536903184,39.4308,-77.1974,30512
536903184,39.4308,-77.1975,30513
536903184,39.4308,-77.1976,30514
536903184,39.4307,-77.1977,30515
536903184,39.4307,-77.1978,30517
536903184,39.4307,-77.1979,30518
536903184,39.4307,-77.1980,30519
536903296,39.4307,-77.1981,30521
536903344,39.4307,-77.1982,30522
536903296,39.4307,-77.1983,30523
536903344,39.4307,-77.1984,30524
536903296,39.4307,-77.1985,30525
536903296,39.4307,-77.1986,30526
536903296,39.4307,-77.1987,30528
536903296,39.4306,-77.1988,30529
536903296,39.4306,-77.1988,30530
536903344,39.4306,-77.1989,30531
536903296,39.4306,-77.1990,30532
536903296,39.4306,-77.1991,30533
536903296,39.4306,-77.1992,30534
536903296,39.4306,-77.1993,30536
536903344,39.4306,-77.1994,30537
536903184,39.4306,-77.1995,30538
536903184,39.4306,-77.1996,30539
536903184,39.4306,-77.1997,30540
536903184,39.4306,-77.1998,30541
536903184,39.4306,-77.1999,30538
536903184,39.4306,-77.2000,30521
536903296,39.4306,-77.2001,30495
536903296,39.4306,-77.2002,30465
536903344,39.4306,-77.2003,30427
536903296,39.4306,-77.2004,30386
536903296,39.4305,-77.2004,30337
536903344,39.4305,-77.2005,30285
536903296,39.4305,-77.2007,30231
536903296,39.4305,-77.2008,30177
536903296,39.4305,-77.2010,30122
536903296,39.4305,-77.2010,30065
536903344,39.4304,-77.2011,30009
536903296,39.4304,-77.2011,29951
536903344,39.4304,-77.2011,29894
536903296,39.4303,-77.2012,29838
536903344,39.4303,-77.2013,29781
536903184,39.4303,-77.2014,29726
536903184,39.4303,-77.2014,29671
536903296,39.4303,-77.2015,29615
536903296,39.4303,-77.2015,29561
536903296,39.4302,-77.2016,29451
536903296,39.4302,-77.2017,29396
536903344,39.4301,-77.2018,29342
536903296,39.4301,-77.2019,29288
536903344,39.4301,-77.2020,29232
536903344,39.4301,-77.2021,29179
536903344,39.4300,-77.2022,29126
536903296,39.4300,-77.2023,29071
536903296,39.4300,-77.2023,29017
536903296,39.4299,-77.2024,28965
536903344,39.4298,-77.2026,28912
536903296,39.4298,-77.2028,28860
536903344,39.4297,-77.2029,28808
536903184,39.4297,-77.2031,28756
536903184,39.4297,-77.2031,28705
536903184,39.4296,-77.2032,28653
536903184,39.4295,-77.2032,28603
536903184,39.4294,-77.2032,28552
536903184,39.4293,-77.2033,28502
536903344,39.4293,-77.2033,28452
536903296,39.4292,-77.2034,28403
536903344,39.4292,-77.2035,28354
536903296,39.4291,-77.2036,28306
536903296,39.4291,-77.2037,28256
536903344,39.4291,-77.2038,28207
536903344,39.4291,-77.2038,28159
536903296,39.4291,-77.2037,28111
536903296,39.4291,-77.2037,28062
536903296,39.4291,-77.2037,28012
536903344,39.4291,-77.2037,27965
536903296,39.4291,-77.2037,27915
536903296,39.4291,-77.2038,27867
536903200,39.3920,-77.1532,9669
536903112,39.3919,-77.1527,9630
536903112,39.3919,-77.1526,9620
536903112,39.3920,-77.1525,9610
536903112,39.3920,-77.1524,9601
536903112,39.3920,-77.1523,9591
536903112,39.3920,-77.1522,9580
536903112,39.3920,-77.1521,9570
536903112,39.3920,-77.1520,9561
536903112,39.3920,-77.1518,9551
536903112,39.3921,-77.1516,9541
536903112,39.3921,-77.1515,9531
536903112,39.3921,-77.1514,9521
536903112,39.3921,-77.1513,9511
536903112,39.3921,-77.1512,9501
536903224,39.3921,-77.1510,9491
536903224,39.3921,-77.1509,9481
536903224,39.3922,-77.1508,9472
536903224,39.3922,-77.1506,9462
536903224,39.3922,-77.1505,9453
536903224,39.3922,-77.1504,9443
536903224,39.3922,-77.1502,9423
536903224,39.3922,-77.1501,9413
536903224,39.3922,-77.1500,9403
536903224,39.3922,-77.1498,9393
536903224,39.3922,-77.1497,9383
536903224,39.3922,-77.1496,9373
536903224,39.3922,-77.1495,9363
536903224,39.3923,-77.1494,9354
536903224,39.3923,-77.1494,9344
536903224,39.3923,-77.1493,9334
536903224,39.3923,-77.1493,9324
536903224,39.3923,-77.1492,9314
536903224,39.3923,-77.1492,9304
536903224,39.3923,-77.1491,9294
536903224,39.3923,-77.1491,9284
536903224,39.3922,-77.1490,9274
536903224,39.3922,-77.1489,9263
536903224,39.3921,-77.1489,9253
536903224,39.3921,-77.1488,9243
536903224,39.3920,-77.1487,9233
536903224,39.3919,-77.1486,9223
536903224,39.3919,-77.1484,9214
536903224,39.3918,-77.1483,9203
536903224,39.3918,-77.1482,9193
536903112,39.3917,-77.1480,9184
536903112,39.3916,-77.1479,9174
536903112,39.3916,-77.1478,9164
536903112,39.3915,-77.1476,9154
536903112,39.3914,-77.1475,9144
536903112,39.3914,-77.1474,9134
536903112,39.3913,-77.1473,9125
536903112,39.3912,-77.1472,9115
536903112,39.3912,-77.1471,9106
536903112,39.3911,-77.1469,9096
536903184,39.3911,-77.1469,9096
536903184,39.3910,-77.1467,9077
536903184,39.3909,-77.1466,9068
536903184,39.3908,-77.1465,9058
536903296,39.3907,-77.1464,9049
536903296,39.3907,-77.1462,9039
536903296,39.3907,-77.1461,9029
536903296,39.3906,-77.1459,9019
536903296,39.3906,-77.1458,9009
536903296,39.3905,-77.1457,8999
536903344,39.3905,-77.1455,8990
536903344,39.3904,-77.1454,8980
536903296,39.3903,-77.1453,8971
536903296,39.3903,-77.1451,8962
536903344,39.3902,-77.1450,8952
536903344,39.3901,-77.1449,8943
536903296,39.3900,-77.1449,8933
536903296,39.3899,-77.1448,8923
536903344,39.3899,-77.1448,8914
536903184,39.3898,-77.1447,8904
536903184,39.3897,-77.1447,8895
536903184,39.3896,-77.1447,8885
536903184,39.3896,-77.1446,8876
536903184,39.3895,-77.1446,8866
536903184,39.3894,-77.1446,8856
536903184,39.3894,-77.1446,8847
536903184,39.3893,-77.1445,8837
536903296,39.3892,-77.1445,8828
536903296,39.3892,-77.1444,8818
536903296,39.3891,-77.1444,8808
536903344,39.3890,-77.1443,8798
536903296,39.3889,-77.1442,8789
536903344,39.3889,-77.1441,8779
536903296,39.3888,-77.1441,8770
536903296,39.3887,-77.1441,8761
536903296,39.3887,-77.1440,8752
536903296,39.3886,-77.1440,8743
536903296,39.3885,-77.1439,8734
536903296,39.3885,-77.1439,8725
536903344,39.3884,-77.1438,8715
536903296,39.3884,-77.1438,8706
536903296,39.3883,-77.1438,8696
536903184,39.3883,-77.1436,8686
536903184,39.3883,-77.1436,8676
536903184,39.3883,-77.1435,8667
536903296,39.3883,-77.1434,8657
536903296,39.3883,-77.1433,8646
536903296,39.3883,-77.1432,8636
536903296,39.3883,-77.1431,8625
536903296,39.3883,-77.1429,8616
536903296,39.3883,-77.1428,8607
536903296,39.3883,-77.1426,8598
536903296,39.3883,-77.1425,8588
536903344,39.3883,-77.1424,8570
536903296,39.3883,-77.1423,8561
536903296,39.3883,-77.1422,8552
536903344,39.3883,-77.1421,8543
536903344,39.3884,-77.1420,8533
536903344,39.3884,-77.1420,8524
536903344,39.3884,-77.1419,8515
536903184,39.3884,-77.1418,8506
536903184,39.3884,-77.1418,8496
536903344,39.3884,-77.1418,8487
536903344,39.3884,-77.1417,8478
536903344,39.3884,-77.1417,8468
536903344,39.3884,-77.1417,8459
536903344,39.3883,-77.1417,8450
536903296,39.3883,-77.1416,8441
536903296,39.3883,-77.1416,8432
536903296,39.3882,-77.1416,8422
536903296,39.3882,-77.1416,8413
536903344,39.3882,-77.1415,8403
536903296,39.3882,-77.1415,8393
536903344,39.3882,-77.1414,8385
536903296,39.3883,-77.1414,8376
536903296,39.3883,-77.1413,8367
536903296,39.3883,-77.1412,8358
536903184,39.3883,-77.1411,8349
536903184,39.3883,-77.1410,8340
536903184,39.3882,-77.1409,8331
536903184,39.3882,-77.1408,8321
536903184,39.3881,-77.1407,8312
536903184,39.3881,-77.1406,8302
536903184,39.3880,-77.1405,8294
536903048,39.3879,-77.1404,8285
536903048,39.3879,-77.1404,8277
536903048,39.3878,-77.1403,8268
536903048,39.3877,-77.1402,8260
536903048,39.3877,-77.1402,8251
536903048,39.3876,-77.1401,8242
536903048,39.3875,-77.1400,8234
536903048,39.3875,-77.1399,8224
536903048,39.3874,-77.1398,8215
536903048,39.3874,-77.1396,8206
536903160,39.3874,-77.1395,8197
536903160,39.3874,-77.1394,8188
536903160,39.3873,-77.1393,8179
536903160,39.3873,-77.1391,8170
536903160,39.3873,-77.1390,8161
536903160,39.3873,-77.1389,8152
536903160,39.3874,-77.1388,8143
536903160,39.3874,-77.1387,8134
536903160,39.3874,-77.1386,8125
536903160,39.3874,-77.1386,8116
536903160,39.3875,-77.1385,8107
536903160,39.3875,-77.1385,8099
536903160,39.3875,-77.1384,8090
536903160,39.3875,-77.1384,8081
536903160,39.3876,-77.1383,8073
536903160,39.3876,-77.1382,8064
536903160,39.3876,-77.1382,8055
536903160,39.3876,-77.1381,8046
536903160,39.3876,-77.1380,8037
536903160,39.3877,-77.1380,8028
536903160,39.3877,-77.1378,8019
536903160,39.3877,-77.1377,8010
536903160,39.3877,-77.1376,8001
536903160,39.3877,-77.1375,7992
536903160,39.3877,-77.1374,7983
536903160,39.3877,-77.1373,7974
536903160,39.3877,-77.1372,7965
536903160,39.3877,-77.1370,7956
536903160,39.3876,-77.1369,7947
536903160,39.3876,-77.1368,7937
536903048,39.3876,-77.1367,7928
536903048,39.3876,-77.1366,7919
536903048,39.3876,-77.1364,7910
536903048,39.3876,-77.1363,7901
536903048,39.3876,-77.1362,7892
536903048,39.3876,-77.1361,7883
536903048,39.3876,-77.1360,7873
536903048,39.3876,-77.1360,7864
536903048,39.3876,-77.1360,7855
536903048,39.3876,-77.1360,7846
536903048,39.3876,-77.1359,7837
536903048,39.3876,-77.1359,7828
536903048,39.3876,-77.1359,7819
536903048,39.3875,-77.1359,7810
536903048,39.3875,-77.1359,7801
536903048,39.3874,-77.1358,7791
536903048,39.3874,-77.1358,7773
536903160,39.3873,-77.1357,7764
536903160,39.3872,-77.1357,7755
536903160,39.3872,-77.1356,7747
536903160,39.3871,-77.1355,7738
536903160,39.3870,-77.1355,7728
536903160,39.3870,-77.1354,7718
536903160,39.3870,-77.1353,7707
536903160,39.3870,-77.1352,7697
536903160,39.3870,-77.1351,7687
536903160,39.3870,-77.1351,7678
536903160,39.3870,-77.1350,7669
536903160,39.3870,-77.1350,7660
536903160,39.3870,-77.1349,7652
536903160,39.3871,-77.1349,7643
536903160,39.3871,-77.1348,7634
536903160,39.3871,-77.1348,7626
536903160,39.3871,-77.1348,7617
536903160,39.3871,-77.1347,7608
536903160,39.3871,-77.1347,7599
536903160,39.3871,-77.1347,7591
536903160,39.3871,-77.1347,7583
536903160,39.3870,-77.1347,7574
536903160,39.3870,-77.1347,7565
536903160,39.3870,-77.1347,7557
536903160,39.3870,-77.1346,7548
536903160,39.3870,-77.1346,7539
536903160,39.3870,-77.1346,7531
536903160,39.3869,-77.1346,7522
536903160,39.3869,-77.1346,7514
536903160,39.3869,-77.1346,7505
536903048,39.3869,-77.1346,7496
536903048,39.3868,-77.1346,7488
536903048,39.3868,-77.1346,7479
536903048,39.3868,-77.1346,7471
536903048,39.3867,-77.1346,7462
536903048,39.3867,-77.1346,7453
536903048,39.3866,-77.1346,7444
536903048,39.3866,-77.1346,7436
536903048,39.3866,-77.1346,7427
536903048,39.3865,-77.1346,7418
536903048,39.3865,-77.1345,7410
536903048,39.3865,-77.1345,7401
536903048,39.3865,-77.1345,7392
536903048,39.3865,-77.1345,7383
536903048,39.3865,-77.1345,7375
536903048,39.3865,-77.1345,7366
536903048,39.3865,-77.1345,7357
536903160,39.3864,-77.1344,7348
536903160,39.3864,-77.1344,7339
536903160,39.3864,-77.1344,7331
536903160,39.3863,-77.1344,7322
536903160,39.3863,-77.1344,7313
536903160,39.3862,-77.1344,7305
536903160,39.3862,-77.1344,7296
536903160,39.3861,-77.1344,7287
536903160,39.3861,-77.1344,7279
536903160,39.3860,-77.1344,7270
536903160,39.3860,-77.1343,7262
536903160,39.3859,-77.1343,7253
536903160,39.3859,-77.1343,7245
536903160,39.3858,-77.1342,7237
536903160,39.3858,-77.1342,7228
536903160,39.3857,-77.1341,7219
536903160,39.3857,-77.1340,7210
536903160,39.3856,-77.1339,7202
536903160,39.3856,-77.1338,7194
536903160,39.3856,-77.1337,7185
536903160,39.3855,-77.1336,7177
536903160,39.3855,-77.1335,7168
536903160,39.3855,-77.1334,7160
536903160,39.3854,-77.1333,7151
536903160,39.3854,-77.1331,7142
536903160,39.3854,-77.1330,7133
536903160,39.3854,-77.1329,7125
536903160,39.3854,-77.1328,7116
536903160,39.3854,-77.1327,7107
536903160,39.3854,-77.1326,7098
536903184,39.3854,-77.1325,7089
536903184,39.3854,-77.1325,7079
536903184,39.3854,-77.1325,7070
536903184,39.3854,-77.1325,7061
536903184,39.3854,-77.1324,7052
536903296,39.3853,-77.1324,7043
536903296,39.3853,-77.1324,7036
536903296,39.3853,-77.1324,7027
536903344,39.3852,-77.1324,7011
536903344,39.3852,-77.1324,7003
536903296,39.3852,-77.1324,6994
536903296,39.3851,-77.1324,6986
536903344,39.3851,-77.1323,6977
536903296,39.3851,-77.1323,6968
536903296,39.3851,-77.1323,6960
536903296,39.3850,-77.1323,6952
536903296,39.3850,-77.1323,6943
536903296,39.3850,-77.1323,6934
536903296,39.3850,-77.1322,6926
536903184,39.3850,-77.1322,6917
536903184,39.3849,-77.1322,6908
536903184,39.3849,-77.1322,6900
536903184,39.3849,-77.1322,6891
536903184,39.3848,-77.1321,6882
536903184,39.3848,-77.1321,6874
536903184,39.3848,-77.1321,6865
536903296,39.3848,-77.1321,6857
536903296,39.3847,-77.1321,6848
536903296,39.3847,-77.1320,6840
536903344,39.3847,-77.1320,6831
536903296,39.3846,-77.1320,6823
536903296,39.3846,-77.1320,6815
536903296,39.3846,-77.1320,6807
536903296,39.3845,-77.1320,6798
536903344,39.3845,-77.1319,6790
536903296,39.3845,-77.1319,6782
536903344,39.3844,-77.1319,6774
536903344,39.3844,-77.1319,6765
536903296,39.3844,-77.1319,6757
536903296,39.3843,-77.1318,6749
536903296,39.3843,-77.1318,6740
536903184,39.3843,-77.1318,6731
536903184,39.3842,-77.1318,6723
536903184,39.3842,-77.1317,6715
536903184,39.3841,-77.1317,6706
536903184,39.3841,-77.1316,6698
536903184,39.3840,-77.1316,6690
536903296,39.3840,-77.1315,6682
536903296,39.3839,-77.1315,6674
536903296,39.3838,-77.1314,6666
536903296,39.3838,-77.1314,6657
536903344,39.3837,-77.1313,6649
536903296,39.3837,-77.1313,6641
536903296,39.3836,-77.1312,6633
536903296,39.3836,-77.1311,6624
536903296,39.3836,-77.1310,6616
536903296,39.3835,-77.1309,6607
536903344,39.3835,-77.1308,6599
536903344,39.3835,-77.1307,6590
536903048,39.3834,-77.1306,6582
536903048,39.3834,-77.1305,6574
536903048,39.3834,-77.1304,6565
536903048,39.3833,-77.1303,6557
536903048,39.3833,-77.1302,6549
536903048,39.3832,-77.1301,6541
536903048,39.3832,-77.1300,6533
536903048,39.3831,-77.1299,6525
536903048,39.3831,-77.1298,6517
536903048,39.3830,-77.1297,6508
536903048,39.3830,-77.1297,6500
536903048,39.3829,-77.1296,6493
536903184,39.3829,-77.1295,6484
536903184,39.3829,-77.1294,6476
536903184,39.3828,-77.1293,6468
536903184,39.3828,-77.1292,6460
536903184,39.3828,-77.1291,6451
536903296,39.3828,-77.1289,6443
536903296,39.3828,-77.1288,6435
536903296,39.3828,-77.1288,6427
536903296,39.3828,-77.1286,6419
536903344,39.3828,-77.1285,6411
536903296,39.3828,-77.1284,6403
536903296,39.3828,-77.1283,6395
536903296,39.3828,-77.1282,6387
536903296,39.3828,-77.1282,6378
536903296,39.3827,-77.1281,6370
536903296,39.3826,-77.1279,6362
536903296,39.3826,-77.1279,6353
536903296,39.3825,-77.1279,6345
536903296,39.3824,-77.1278,6337
536903296,39.3824,-77.1278,6329
536903184,39.3824,-77.1278,6321
536903184,39.3823,-77.1278,6312
536903184,39.3823,-77.1278,6305
536903184,39.3823,-77.1278,6296
536903184,39.3822,-77.1278,6289
536903184,39.3822,-77.1278,6280
536903296,39.3822,-77.1278,6264
536903296,39.3822,-77.1277,6257
536903344,39.3821,-77.1277,6249
536903296,39.3821,-77.1277,6241
536903296,39.3821,-77.1277,6233
536903296,39.3820,-77.1277,6226
536903344,39.3820,-77.1277,6218
536903344,39.3820,-77.1276,6210
536903296,39.3819,-77.1276,6202
536903296,39.3819,-77.1276,6194
536903296,39.3818,-77.1276,6186
536903296,39.3818,-77.1275,6179
536903296,39.3818,-77.1275,6171
536903296,39.3817,-77.1275,6163
536903344,39.3817,-77.1274,6155
536903184,39.3817,-77.1274,6146
536903184,39.3817,-77.1274,6138
536903184,39.3817,-77.1273,6130
536903184,39.3817,-77.1273,6122
536903344,39.3817,-77.1272,6113
536903296,39.3817,-77.1272,6105
536903296,39.3817,-77.1272,6097
536903296,39.3817,-77.1271,6089
536903296,39.3817,-77.1271,6080
536903344,39.3816,-77.1270,6072
536903344,39.3816,-77.1270,6065
536903344,39.3816,-77.1269,6057
536903296,39.3815,-77.1269,6049
536903344,39.3815,-77.1268,6041
536903296,39.3815,-77.1268,6033
536903344,39.3815,-77.1268,6025
536903344,39.3815,-77.1267,6017
536903296,39.3815,-77.1267,6009
536903296,39.3816,-77.1266,6001
536903184,39.3816,-77.1266,5993
536903184,39.3816,-77.1265,5985
536903184,39.3816,-77.1265,5977
536903296,39.3816,-77.1264,5969
536903296,39.3816,-77.1264,5961
536903344,39.3816,-77.1263,5952
536903296,39.3815,-77.1263,5944
536903344,39.3815,-77.1262,5935
536903296,39.3815,-77.1261,5928
536903296,39.3814,-77.1260,5920
536903344,39.3814,-77.1259,5912
536903344,39.3813,-77.1258,5905
536903296,39.3813,-77.1258,5898
536903296,39.3812,-77.1257,5890
536903296,39.3812,-77.1256,5883
536903296,39.3812,-77.1255,5875
536903296,39.3811,-77.1255,5867
536903344,39.3811,-77.1254,5860
536903184,39.3810,-77.1253,5852
536903184,39.3810,-77.1252,5844
536903184,39.3810,-77.1252,5837
536903184,39.3809,-77.1251,5829
536903184,39.3809,-77.1250,5821
536903184,39.3809,-77.1249,5813
536903184,39.3808,-77.1249,5806
536903048,39.3808,-77.1248,5798
536903048,39.3808,-77.1248,5790
536903048,39.3808,-77.1247,5783
536903048,39.3807,-77.1247,5775
536903048,39.3807,-77.1247,5768
536903048,39.3807,-77.1246,5760
536903048,39.3807,-77.1246,5753
536903048,39.3807,-77.1245,5745
536903048,39.3807,-77.1245,5737
536903048,39.3806,-77.1245,5729
536903048,39.3806,-77.1244,5722
536903048,39.3807,-77.1244,5714
536903048,39.3807,-77.1244,5706
536903160,39.3807,-77.1244,5699
536903160,39.3807,-77.1244,5691
536903160,39.3807,-77.1243,5684
536903160,39.3806,-77.1243,5676
536903160,39.3806,-77.1243,5668
536903160,39.3806,-77.1242,5661
536903160,39.3806,-77.1242,5654
536903160,39.3806,-77.1242,5646
536903160,39.3807,-77.1242,5639
536903160,39.3807,-77.1241,5631
536903160,39.3807,-77.1241,5624
536903160,39.3807,-77.1241,5616
536903160,39.3807,-77.1241,5609
536903160,39.3807,-77.1240,5601
536903160,39.3808,-77.1240,5594
536903160,39.3807,-77.1240,5579
536903160,39.3807,-77.1240,5571
536903160,39.3807,-77.1239,5563
536903160,39.3807,-77.1239,5556
536903160,39.3807,-77.1238,5548
536903160,39.3807,-77.1238,5540
536903160,39.3807,-77.1237,5532
536903160,39.3806,-77.1237,5525
536903160,39.3806,-77.1236,5517
536903160,39.3806,-77.1236,5509
536903160,39.3806,-77.1235,5502
536903160,39.3805,-77.1235,5494
536903160,39.3805,-77.1234,5486
536903160,39.3805,-77.1233,5478
536903048,39.3805,-77.1233,5470
536903048,39.3805,-77.1232,5463
536903048,39.3804,-77.1232,5455
536903048,39.3804,-77.1231,5447
536903048,39.3804,-77.1231,5439
536903048,39.3804,-77.1230,5432
536903048,39.3804,-77.1230,5424
536903048,39.3804,-77.1230,5416
536903048,39.3804,-77.1229,5409
536903048,39.3804,-77.1229,5401
536903048,39.3804,-77.1228,5393
536903048,39.3804,-77.1228,5385
536903048,39.3804,-77.1228,5378
536903048,39.3804,-77.1227,5370
536903048,39.3804,-77.1227,5362
536903048,39.3804,-77.1227,5354
536903048,39.3804,-77.1227,5347
536903048,39.3804,-77.1226,5339
536903048,39.3804,-77.1226,5331
536903160,39.3804,-77.1225,5324
536903160,39.3804,-77.1225,5316
536903160,39.3803,-77.1224,5309
536903160,39.3803,-77.1223,5301
536903160,39.3803,-77.1222,5293
536903160,39.3803,-77.1221,5286
536903160,39.3803,-77.1220,5278
536903160,39.3803,-77.1219,5270
536903160,39.3803,-77.1218,5263
536903160,39.3803,-77.1217,5255
536903160,39.3803,-77.1216,5247
536903160,39.3802,-77.1215,5239
536903160,39.3802,-77.1214,5231
536903160,39.3802,-77.1213,5224
536903160,39.3802,-77.1212,5217
536903160,39.3802,-77.1211,5209
536903160,39.3802,-77.1210,5202
536903160,39.3802,-77.1210,5195
536903160,39.3802,-77.1209,5187
536903160,39.3801,-77.1208,5180
536903160,39.3801,-77.1208,5172
536903160,39.3801,-77.1208,5164
536903160,39.3801,-77.1207,5156
536903160,39.3800,-77.1207,5148
536903160,39.3800,-77.1207,5141
536903160,39.3800,-77.1207,5133
536903160,39.3799,-77.1207,5126
536903160,39.3799,-77.1207,5118
536903160,39.3799,-77.1207,5110
536903160,39.3798,-77.1207,5103
536903048,39.3798,-77.1206,5095
536903048,39.3798,-77.1206,5088
536903048,39.3797,-77.1205,5081
536903048,39.3797,-77.1205,5074
536903048,39.3796,-77.1204,5067
536903048,39.3796,-77.1203,5059
536903048,39.3796,-77.1203,5052
536903048,39.3795,-77.1202,5044
536903048,39.3795,-77.1202,5037
536903048,39.3794,-77.1201,5029
536903048,39.3794,-77.1201,5022
536903048,39.3794,-77.1200,5015
536903048,39.3793,-77.1199,5007
536903048,39.3793,-77.1199,4999
536903048,39.3792,-77.1198,4992
536903048,39.3791,-77.1198,4985
536903160,39.3791,-77.1197,4977
536903160,39.3791,-77.1197,4969
536903160,39.3790,-77.1197,4961
536903160,39.3790,-77.1197,4954
536903160,39.3790,-77.1197,4946
536903160,39.3789,-77.1197,4938
536903160,39.3789,-77.1197,4930
536903160,39.3789,-77.1197,4922
536903160,39.3788,-77.1196,4914
536903160,39.3788,-77.1196,4898
536903160,39.3787,-77.1196,4890
536903160,39.3787,-77.1196,4883
536903160,39.3787,-77.1196,4875
536903160,39.3786,-77.1196,4867
536903160,39.3786,-77.1196,4860
536903160,39.3786,-77.1196,4853
536903160,39.3786,-77.1196,4845
536903160,39.3785,-77.1196,4838
536903160,39.3785,-77.1196,4830
536903160,39.3785,-77.1197,4823
536903160,39.3785,-77.1197,4815
536903160,39.3785,-77.1197,4808
536903160,39.3785,-77.1197,4801
536903160,39.3786,-77.1197,4793
536903160,39.3786,-77.1197,4786
536903160,39.3786,-77.1197,4778
536903160,39.3786,-77.1197,4770
536903160,39.3786,-77.1197,4763
536903160,39.3786,-77.1198,4755
536903160,39.3786,-77.1198,4747
536903184,39.3786,-77.1198,4740
536903184,39.3786,-77.1199,4733
536903184,39.3786,-77.1199,4725
536903184,39.3786,-77.1199,4718
536903296,39.3786,-77.1199,4711
536903296,39.3786,-77.1200,4703
536903296,39.3785,-77.1200,4696
536903296,39.3786,-77.1200,4689
536903344,39.3786,-77.1201,4681
536903296,39.3786,-77.1201,4674
536903296,39.3786,-77.1201,4666
536903296,39.3785,-77.1202,4659
536903296,39.3785,-77.1202,4651
536903296,39.3785,-77.1202,4644
536903296,39.3785,-77.1203,4636
536903344,39.3784,-77.1203,4629
536903296,39.3784,-77.1203,4622
536903296,39.3784,-77.1203,4614
536903184,39.3783,-77.1203,4608
536903184,39.3783,-77.1204,4601
536903184,39.3783,-77.1204,4593
536903184,39.3782,-77.1204,4586
536903184,39.3782,-77.1204,4578
536903296,39.3782,-77.1204,4571
536903296,39.3781,-77.1204,4564
536903296,39.3781,-77.1205,4557
536903296,39.3781,-77.1205,4549
536903344,39.3780,-77.1204,4541
536903296,39.3780,-77.1204,4534
536903296,39.3779,-77.1204,4526
536903296,39.3779,-77.1203,4518
536903296,39.3779,-77.1202,4511
536903344,39.3779,-77.1202,4504
536903296,39.3778,-77.1201,4496
536903296,39.3778,-77.1200,4489
536903296,39.3778,-77.1200,4481
536903344,39.3778,-77.1199,4474
536903344,39.3778,-77.1199,4466
536903184,39.3778,-77.1198,4458
536903184,39.3778,-77.1197,4451
536903184,39.3778,-77.1197,4443
536903184,39.3778,-77.1196,4436
536903184,39.3778,-77.1195,4428
536903184,39.3779,-77.1195,4421
536903184,39.3779,-77.1194,4414
536903184,39.3779,-77.1194,4407
536903296,39.3780,-77.1193,4399
536903296,39.3780,-77.1192,4393
536903296,39.3780,-77.1191,4385
536903344,39.3780,-77.1191,4378
536903296,39.3780,-77.1190,4370
536903296,39.3780,-77.1190,4363
536903296,39.3779,-77.1189,4363
536903296,39.3779,-77.1188,4348
536903296,39.3779,-77.1188,4333
536903296,39.3779,-77.1187,4326
536903296,39.3780,-77.1187,4318
536903296,39.3780,-77.1186,4311
536903344,39.3780,-77.1186,4304
536903048,39.3781,-77.1185,4297
536903048,39.3781,-77.1185,4290
536903048,39.3781,-77.1185,4282
536903048,39.3782,-77.1184,4275
536903048,39.3782,-77.1184,4268
536903048,39.3782,-77.1183,4260
536903048,39.3782,-77.1183,4253
536903048,39.3783,-77.1182,4245
536903048,39.3783,-77.1182,4238
536903048,39.3783,-77.1181,4231
536903048,39.3783,-77.1181,4223
536903048,39.3784,-77.1181,4216
536903048,39.3784,-77.1180,4208
536903048,39.3784,-77.1180,4200
536903048,39.3785,-77.1180,4193
536903048,39.3785,-77.1180,4185
536903048,39.3785,-77.1180,4178
536903048,39.3786,-77.1180,4171
536903048,39.3786,-77.1181,4163
536903048,39.3786,-77.1181,4156
536903048,39.3786,-77.1181,4148
536903048,39.3786,-77.1181,4141
536903048,39.3786,-77.1181,4133
536903048,39.3786,-77.1181,4126
536903048,39.3785,-77.1181,4118
536903184,39.3785,-77.1181,4111
536903184,39.3785,-77.1181,4104
536903184,39.3784,-77.1181,4097
536903184,39.3784,-77.1181,4089
536903296,39.3784,-77.1181,4082
536903296,39.3784,-77.1181,4074
536903296,39.3784,-77.1181,4067
536903296,39.3784,-77.1181,4059
536903296,39.3784,-77.1181,4052
536903296,39.3784,-77.1181,4045
536903296,39.3784,-77.1181,4038
536903296,39.3784,-77.1181,4031
536903296,39.3785,-77.1181,4023
536903296,39.3785,-77.1181,4016
536903296,39.3785,-77.1181,4008
536903296,39.3785,-77.1181,4001
536903296,39.3785,-77.1182,3993
536903296,39.3785,-77.1182,3985
536903296,39.3785,-77.1182,3977
536903184,39.3784,-77.1182,3970
536903184,39.3784,-77.1182,3963
536903184,39.3784,-77.1183,3955
536903184,39.3784,-77.1183,3948
536903296,39.3784,-77.1183,3941
536903296,39.3784,-77.1184,3934
536903296,39.3784,-77.1184,3926
536903296,39.3784,-77.1184,3919
536903296,39.3785,-77.1184,3912
536903296,39.3785,-77.1185,3905
536903296,39.3785,-77.1185,3898
536903296,39.3786,-77.1185,3891
536903344,39.3786,-77.1185,3884
536903296,39.3786,-77.1185,3877
536903296,39.3787,-77.1186,3870
536903296,39.3787,-77.1186,3863
536903344,39.3787,-77.1186,3856
536903296,39.3787,-77.1187,3849
536903344,39.3788,-77.1187,3842
536903184,39.3788,-77.1187,3834
536903184,39.3788,-77.1188,3827
536903184,39.3789,-77.1188,3820
536903184,39.3789,-77.1188,3813
536903184,39.3790,-77.1188,3806
536903184,39.3790,-77.1188,3799
536903184,39.3791,-77.1187,3791
536903296,39.3791,-77.1187,3784
536903296,39.3791,-77.1187,3777
536903296,39.3792,-77.1187,3770
536903296,39.3792,-77.1186,3763
536903296,39.3793,-77.1186,3755
536903344,39.3793,-77.1186,3748
536903296,39.3793,-77.1185,3741
536903344,39.3794,-77.1185,3734
536903296,39.3794,-77.1185,3727
536903344,39.3794,-77.1184,3720
536903296,39.3795,-77.1184,3713
536903296,39.3795,-77.1184,3699
536903296,39.3795,-77.1184,3692
536903296,39.3796,-77.1184,3685
536903048,39.3796,-77.1184,3678
536903048,39.3796,-77.1184,3671
536903048,39.3796,-77.1183,3664
536903048,39.3796,-77.1183,3657
536903048,39.3797,-77.1183,3650
536903048,39.3797,-77.1183,3643
536903048,39.3797,-77.1183,3636
536903048,39.3797,-77.1182,3629
536903048,39.3797,-77.1182,3622
536903048,39.3798,-77.1182,3614
536903048,39.3798,-77.1182,3607
536903048,39.3798,-77.1182,3600
536903048,39.3798,-77.1182,3593
536903048,39.3798,-77.1182,3586
536903048,39.3799,-77.1182,3579
536903048,39.3799,-77.1182,3572
536903048,39.3799,-77.1182,3565
536903160,39.3799,-77.1182,3558
536903160,39.3799,-77.1182,3551
536903160,39.3800,-77.1182,3544
536903160,39.3800,-77.1182,3538
536903160,39.3800,-77.1182,3531
536903160,39.3800,-77.1183,3524
536903160,39.3800,-77.1183,3517
536903160,39.3800,-77.1183,3510
536903160,39.3800,-77.1182,3502
536903160,39.3800,-77.1182,3495
536903160,39.3800,-77.1182,3489
536903160,39.3800,-77.1181,3481
536903160,39.3800,-77.1181,3474
536903160,39.3800,-77.1180,3467
536903160,39.3800,-77.1180,3461
536903160,39.3800,-77.1179,3453
536903160,39.3800,-77.1179,3446
536903160,39.3800,-77.1179,3439
536903160,39.3800,-77.1178,3432
536903160,39.3800,-77.1178,3425
536903160,39.3800,-77.1178,3418
536903160,39.3801,-77.1178,3411
536903160,39.3801,-77.1177,3404
536903160,39.3801,-77.1177,3398
536903160,39.3801,-77.1177,3390
536903160,39.3801,-77.1176,3383
536903160,39.3801,-77.1176,3377
536903160,39.3801,-77.1175,3370
536903160,39.3802,-77.1175,3363
536903048,39.3802,-77.1174,3356
536903048,39.3802,-77.1174,3349
536903048,39.3801,-77.1173,3342
536903048,39.3801,-77.1172,3335
536903048,39.3801,-77.1171,3328
536903048,39.3801,-77.1171,3322
536903048,39.3801,-77.1170,3315
536903048,39.3801,-77.1169,3308
536903048,39.3801,-77.1168,3301
536903048,39.3801,-77.1167,3294
536903048,39.3801,-77.1167,3288
536903048,39.3801,-77.1166,3281
536903184,39.3801,-77.1165,3274
536903184,39.3801,-77.1164,3267
536903184,39.3801,-77.1164,3261
536903184,39.3801,-77.1163,3253
536903296,39.3801,-77.1162,3247
536903296,39.3801,-77.1162,3240
536903344,39.3801,-77.1162,3232
536903296,39.3801,-77.1161,3226
536903296,39.3802,-77.1161,3219
536903296,39.3802,-77.1161,3212
536903296,39.3802,-77.1160,3205
536903296,39.3802,-77.1160,3198
536903344,39.3802,-77.1159,3191
536903296,39.3802,-77.1159,3185
536903296,39.3802,-77.1158,3178
536903344,39.3802,-77.1158,3171
536903296,39.3803,-77.1157,3164
536903296,39.3803,-77.1157,3157
536903296,39.3803,-77.1156,3151
536903184,39.3803,-77.1155,3144
536903184,39.3803,-77.1155,3137
536903184,39.3803,-77.1154,3130
536903184,39.3802,-77.1154,3123
536903184,39.3802,-77.1153,3116
536903184,39.3802,-77.1152,3109
536903184,39.3801,-77.1152,3102
536903344,39.3801,-77.1151,3095
536903344,39.3800,-77.1151,3087
536903344,39.3800,-77.1150,3081
536903344,39.3800,-77.1150,3068
536903296,39.3799,-77.1149,3061
536903296,39.3799,-77.1149,3054
536903296,39.3798,-77.1148,3047
536903296,39.3798,-77.1148,3040
536903296,39.3797,-77.1147,3033
536903296,39.3797,-77.1147,3026
536903344,39.3797,-77.1146,3019
536903296,39.3796,-77.1145,3012
536903296,39.3796,-77.1145,3005
536903344,39.3796,-77.1144,2999
536903344,39.3796,-77.1143,2992
536903184,39.3796,-77.1143,2985
536903184,39.3795,-77.1142,2978
536903184,39.3795,-77.1142,2971
536903184,39.3795,-77.1141,2964
536903184,39.3795,-77.1140,2956
536903184,39.3795,-77.1140,2949
536903296,39.3794,-77.1139,2942
536903344,39.3794,-77.1138,2935
536903296,39.3793,-77.1138,2928
536903296,39.3793,-77.1137,2921
536903296,39.3793,-77.1137,2914
536903344,39.3792,-77.1136,2907
536903296,39.3792,-77.1136,2900
536903296,39.3791,-77.1135,2893
536903344,39.3791,-77.1135,2886
536903296,39.3790,-77.1135,2879
536903296,39.3790,-77.1134,2872
536903344,39.3790,-77.1133,2866
536903048,39.3789,-77.1133,2859
536903048,39.3789,-77.1132,2852
536903048,39.3788,-77.1132,2845
536903048,39.3788,-77.1131,2838
536903048,39.3787,-77.1131,2831
536903048,39.3787,-77.1130,2824
536903048,39.3786,-77.1130,2818
536903048,39.3786,-77.1129,2811
536903048,39.3785,-77.1129,2804
536903048,39.3785,-77.1128,2797
536903048,39.3784,-77.1128,2790
536903048,39.3784,-77.1127,2783
536903048,39.3783,-77.1127,2776
536903048,39.3783,-77.1127,2770
536903048,39.3782,-77.1126,2763
536903048,39.3782,-77.1126,2756
536903048,39.3781,-77.1126,2749
536903048,39.3781,-77.1125,2742
536903048,39.3780,-77.1125,2735
536903160,39.3779,-77.1125,2728
536903160,39.3779,-77.1124,2721
536903160,39.3778,-77.1124,2714
536903160,39.3777,-77.1123,2707
536903160,39.3777,-77.1123,2700
536903160,39.3776,-77.1122,2694
536903160,39.3775,-77.1122,2687
536903160,39.3775,-77.1121,2679
536903160,39.3774,-77.1121,2672
536903160,39.3774,-77.1121,2664
536903160,39.3773,-77.1121,2657
536903160,39.3773,-77.1121,2650
536903160,39.3772,-77.1121,2642
536903160,39.3772,-77.1121,2636
536903160,39.3771,-77.1121,2629
536903160,39.3771,-77.1121,2623
536903160,39.3770,-77.1121,2616
536903160,39.3770,-77.1121,2610
536903160,39.3769,-77.1121,2603
536903160,39.3769,-77.1121,2596
536903160,39.3768,-77.1121,2590
536903160,39.3768,-77.1121,2583
536903160,39.3768,-77.1121,2576
536903160,39.3767,-77.1121,2569
536903160,39.3767,-77.1121,2563
536903160,39.3767,-77.1121,2556
536903160,39.3766,-77.1120,2549
536903160,39.3766,-77.1120,2543
536903160,39.3765,-77.1121,2536
536903048,39.3765,-77.1121,2529
536903048,39.3764,-77.1120,2522
536903048,39.3763,-77.1120,2516
536903048,39.3763,-77.1120,2509
536903048,39.3762,-77.1120,2503
536903048,39.3762,-77.1120,2496
536903048,39.3761,-77.1120,2490
536903048,39.3760,-77.1120,2483
536903048,39.3760,-77.1120,2470
536903048,39.3759,-77.1120,2463
536903048,39.3759,-77.1119,2456
536903048,39.3758,-77.1119,2449
536903048,39.3758,-77.1119,2443
536903048,39.3757,-77.1118,2437
536903048,39.3757,-77.1118,2430
536903048,39.3756,-77.1117,2424
536903048,39.3756,-77.1116,2418
536903048,39.3755,-77.1116,2411
536903048,39.3755,-77.1115,2404
536903048,39.3754,-77.1114,2397
536903048,39.3753,-77.1113,2391
536903048,39.3752,-77.1112,2384
536903184,39.3751,-77.1111,2377
536903184,39.3751,-77.1110,2371
536903184,39.3750,-77.1109,2364
536903184,39.3749,-77.1108,2357
536903296,39.3748,-77.1107,2350
536903296,39.3747,-77.1106,2343
536903296,39.3746,-77.1105,2336
536903296,39.3745,-77.1104,2329
536903344,39.3745,-77.1103,2322
536903296,39.3744,-77.1102,2315
536903296,39.3743,-77.1101,2308
536903296,39.3742,-77.1100,2302
536903296,39.3741,-77.1099,2294
536903296,39.3740,-77.1098,2287
536903344,39.3739,-77.1097,2281
536903344,39.3738,-77.1096,2274
536903296,39.3736,-77.1095,2267
536903344,39.3735,-77.1094,2260
536903296,39.3734,-77.1093,2253
536903184,39.3733,-77.1093,2247
536903184,39.3731,-77.1092,2240
536903184,39.3730,-77.1092,2234
536903184,39.3729,-77.1091,2227
536903184,39.3728,-77.1091,2220
536903184,39.3727,-77.1090,2214
536903184,39.3726,-77.1090,2206
536903344,39.3725,-77.1090,2199
536903296,39.3724,-77.1089,2193
536903296,39.3723,-77.1089,2186
536903344,39.3722,-77.1089,2179
536903296,39.3721,-77.1088,2172
536903344,39.3720,-77.1088,2165
536903296,39.3719,-77.1088,2159
536903344,39.3719,-77.1087,2152
536903344,39.3718,-77.1087,2145
536903296,39.3717,-77.1087,2138
536903296,39.3717,-77.1086,2132
536903344,39.3716,-77.1086,2124
536903296,39.3716,-77.1085,2118
536903296,39.3716,-77.1084,2111
536903344,39.3715,-77.1083,2104
536903184,39.3715,-77.1082,2097
536903184,39.3714,-77.1082,2090
536903184,39.3714,-77.1081,2083
536903184,39.3714,-77.1080,2076
536903184,39.3713,-77.1080,2069
536903184,39.3713,-77.1079,2062
536903184,39.3712,-77.1078,2056
536903184,39.3712,-77.1078,2049
536903296,39.3711,-77.1077,2043
536903296,39.3711,-77.1076,2036
536903296,39.3710,-77.1076,2029
536903344,39.3710,-77.1075,2022
536903296,39.3709,-77.1074,2016
536903296,39.3709,-77.1074,2009
536903296,39.3708,-77.1073,2003
536903296,39.3708,-77.1072,1996
536903296,39.3707,-77.1071,1989
536903296,39.3707,-77.1070,1982
536903048,39.3706,-77.1069,1976
536903048,39.3705,-77.1068,1969
536903048,39.3704,-77.1067,1963
536903048,39.3704,-77.1066,1956
536903048,39.3704,-77.1065,1949
536903048,39.3703,-77.1065,1943
536903048,39.3703,-77.1064,1936
536903048,39.3702,-77.1063,1929
536903048,39.3702,-77.1063,1922
536903048,39.3702,-77.1062,1916
536903048,39.3701,-77.1062,1909
536903184,39.3701,-77.1061,1903
536903184,39.3701,-77.1060,1896
536903184,39.3700,-77.1059,1883
536903184,39.3700,-77.1059,1876
536903184,39.3699,-77.1058,1870
536903296,39.3699,-77.1057,1863
536903344,39.3699,-77.1057,1856
536903296,39.3698,-77.1056,1849
536903296,39.3698,-77.1055,1842
536903296,39.3698,-77.1055,1836
536903344,39.3697,-77.1054,1829
536903296,39.3697,-77.1054,1823
536903296,39.3697,-77.1053,1816
536903296,39.3696,-77.1053,1810
536903296,39.3696,-77.1052,1803
536903296,39.3696,-77.1051,1796
536903296,39.3695,-77.1051,1790
536903344,39.3695,-77.1050,1783
536903296,39.3695,-77.1049,1776
536903296,39.3694,-77.1049,1770
536903184,39.3694,-77.1048,1763
536903184,39.3694,-77.1047,1757
536903184,39.3694,-77.1046,1750
536903184,39.3693,-77.1045,1743
536903184,39.3693,-77.1044,1737
536903296,39.3693,-77.1043,1731
536903296,39.3692,-77.1043,1724
536903296,39.3692,-77.1042,1717
536903296,39.3692,-77.1041,1711
536903296,39.3691,-77.1040,1704
536903296,39.3691,-77.1039,1697
536903296,39.3691,-77.1038,1690
536903296,39.3691,-77.1038,1684
536903296,39.3691,-77.1037,1677
536903296,39.3691,-77.1036,1670
536903296,39.3690,-77.1035,1663
536903344,39.3690,-77.1035,1657
536903344,39.3690,-77.1034,1650
536903296,39.3690,-77.1033,1643
536903296,39.3690,-77.1032,1637
536903184,39.3690,-77.1031,1630
536903184,39.3690,-77.1031,1623
536903184,39.3689,-77.1030,1616
536903184,39.3689,-77.1029,1610
536903184,39.3689,-77.1029,1604
536903184,39.3689,-77.1028,1597
536903184,39.3689,-77.1028,1590
536903344,39.3689,-77.1028,1584
536903296,39.3689,-77.1027,1578
536903344,39.3689,-77.1027,1571
536903296,39.3689,-77.1027,1565
536903296,39.3689,-77.1026,1558
536903296,39.3689,-77.1026,1551
536903344,39.3689,-77.1025,1545
536903296,39.3689,-77.1024,1538
536903344,39.3689,-77.1023,1531
536903296,39.3689,-77.1023,1524
536903296,39.3688,-77.1022,1517
536903344,39.3688,-77.1021,1511
536903296,39.3688,-77.1020,1504
536903048,39.3687,-77.1019,1498
536903048,39.3687,-77.1018,1491
536903048,39.3687,-77.1017,1484
536903048,39.3686,-77.1016,1477
536903048,39.3686,-77.1016,1470
536903048,39.3685,-77.1015,1464
536903048,39.3685,-77.1014,1458
536903048,39.3684,-77.1013,1451
536903048,39.3684,-77.1013,1445
536903048,39.3683,-77.1012,1438
536903048,39.3683,-77.1012,1432
536903048,39.3682,-77.1011,1425
536903048,39.3682,-77.1011,1419
536903048,39.3681,-77.1011,1412
536903048,39.3681,-77.1011,1406
536903048,39.3680,-77.1010,1400
536903048,39.3680,-77.1010,1393
536903048,39.3679,-77.1010,1386
536903048,39.3679,-77.1010,1380
536903048,39.3678,-77.1010,1373
536903048,39.3678,-77.1010,1367
536903048,39.3678,-77.1010,1360
536903296,39.3677,-77.1010,1353
536903184,39.3677,-77.1010,1347
536903184,39.3677,-77.1010,1341
536903184,39.3677,-77.1010,1328
536903184,39.3677,-77.1010,1322
536903296,39.3677,-77.1010,1315
536903344,39.3677,-77.1010,1309
536903296,39.3677,-77.1010,1303
536903296,39.3677,-77.1010,1297
536903296,39.3678,-77.1010,1290
536903296,39.3678,-77.1010,1284
536903296,39.3678,-77.1010,1277
536903296,39.3678,-77.1010,1272
536903344,39.3678,-77.1010,1266
536903296,39.3679,-77.1010,1261
536903296,39.3679,-77.1009,1255
536903344,39.3679,-77.1009,1249
536903296,39.3679,-77.1009,1243
536903296,39.3679,-77.1009,1237
536903296,39.3680,-77.1009,1231
536903184,39.3680,-77.1008,1225
536903184,39.3680,-77.1008,1219
536903184,39.3680,-77.1008,1212
536903184,39.3680,-77.1007,1205
536903296,39.3681,-77.1006,1199
536903296,39.3681,-77.1006,1192
536903296,39.3681,-77.1005,1186
536903296,39.3681,-77.1004,1180
536903296,39.3680,-77.1004,1174
536903296,39.3680,-77.1003,1167
536903344,39.3680,-77.1002,1161
536903296,39.3680,-77.1002,1155
536903344,39.3680,-77.1001,1148
536903344,39.3679,-77.1000,1142
536903296,39.3679,-77.1000,1136
536903296,39.3679,-77.1000,1129
536903296,39.3679,-77.0999,1122
536903296,39.3678,-77.0999,1116
536903296,39.3678,-77.0998,1109
536903184,39.3678,-77.0998,1103
536903184,39.3678,-77.0997,1096
536903184,39.3677,-77.0996,1090
536903184,39.3677,-77.0996,1084
536903184,39.3677,-77.0995,1077
536903184,39.3677,-77.0995,1071
536903184,39.3676,-77.0994,1065
536903344,39.3676,-77.0994,1059
536903296,39.3676,-77.0994,1053
536903296,39.3675,-77.0993,1047
536903344,39.3675,-77.0993,1041
536903296,39.3675,-77.0992,1036
536903296,39.3675,-77.0992,1030
536903296,39.3675,-77.0991,1024
536903296,39.3674,-77.0991,1018
536903296,39.3674,-77.0990,1011
536903296,39.3674,-77.0990,1005
536903344,39.3674,-77.0989,999
536903296,39.3674,-77.0988,993
536903296,39.3674,-77.0988,987
536903344,39.3674,-77.0987,981
536903048,39.3674,-77.0987,975
536903048,39.3673,-77.0987,969
536903048,39.3673,-77.0986,964
536903048,39.3673,-77.0986,959
536903048,39.3673,-77.0986,954
536903048,39.3672,-77.0986,949
536903048,39.3672,-77.0985,944
536903048,39.3672,-77.0985,939
536903048,39.3672,-77.0985,934
536903048,39.3671,-77.0985,930
536903048,39.3671,-77.0984,925
536903048,39.3671,-77.0984,920
536903048,39.3671,-77.0984,916
536903048,39.3670,-77.0983,910
536903048,39.3670,-77.0983,906
536903048,39.3670,-77.0983,900
536903048,39.3670,-77.0983,895
536903048,39.3670,-77.0984,889
536903048,39.3670,-77.0984,884
536903160,39.3670,-77.0984,879
536903160,39.3670,-77.0984,874
536903160,39.3669,-77.0984,869
536903160,39.3669,-77.0984,863
536903160,39.3669,-77.0984,856
536903160,39.3670,-77.0985,850
536903160,39.3670,-77.0985,843
536903160,39.3670,-77.0985,837
536903160,39.3671,-77.0985,830
536903160,39.3671,-77.0984,824
536903160,39.3672,-77.0984,817
536903160,39.3672,-77.0984,812
536903160,39.3673,-77.0984,807
536903160,39.3673,-77.0983,802
536903160,39.3673,-77.0982,796
536903160,39.3674,-77.0982,784
536903160,39.3674,-77.0981,778
536903160,39.3674,-77.0980,771
536903160,39.3675,-77.0980,766
536903160,39.3675,-77.0979,760
536903160,39.3675,-77.0978,755
536903160,39.3676,-77.0978,749
536903160,39.3676,-77.0977,744
536903160,39.3676,-77.0977,739
536903160,39.3676,-77.0976,734
536903160,39.3676,-77.0976,729
536903160,39.3675,-77.0976,723
536903160,39.3675,-77.0975,718
536903160,39.3675,-77.0975,713
536903048,39.3675,-77.0975,707
536903048,39.3675,-77.0975,701
536903048,39.3675,-77.0975,695
536903048,39.3675,-77.0975,690
536903048,39.3675,-77.0975,684
536903048,39.3675,-77.0976,678
536903048,39.3675,-77.0976,672
536903048,39.3675,-77.0976,667
536903048,39.3675,-77.0977,661
536903048,39.3676,-77.0977,657
536903048,39.3676,-77.0977,652
536903048,39.3676,-77.0977,647
536903048,39.3676,-77.0978,643
536903048,39.3676,-77.0978,639
536903048,39.3676,-77.0978,634
536903048,39.3676,-77.0978,629
536903048,39.3676,-77.0977,624
536903048,39.3675,-77.0977,620
536903048,39.3675,-77.0977,615
536903048,39.3675,-77.0976,610
536903048,39.3675,-77.0976,605
536903048,39.3674,-77.0975,600
536903184,39.3674,-77.0975,594
536903184,39.3674,-77.0975,590
536903184,39.3674,-77.0975,585
536903184,39.3673,-77.0975,581
536903344,39.3673,-77.0975,576
536903296,39.3673,-77.0975,571
536903296,39.3673,-77.0975,567
536903296,39.3672,-77.0975,561
536903296,39.3672,-77.0975,555
536903296,39.3672,-77.0975,549
536903296,39.3672,-77.0975,545
536903296,39.3672,-77.0974,541
536903296,39.3672,-77.0974,538
536903344,39.3672,-77.0973,534
536903344,39.3672,-77.0973,530
536903296,39.3672,-77.0973,526
536903296,39.3672,-77.0972,522
536903296,39.3672,-77.0972,518
536903344,39.3672,-77.0971,514
536903184,39.3672,-77.0971,509
536903184,39.3672,-77.0970,504
536903184,39.3673,-77.0970,500
536903184,39.3673,-77.0969,495
536903184,39.3673,-77.0969,491
536903184,39.3673,-77.0968,487
536903296,39.3673,-77.0968,482
536903296,39.3673,-77.0968,478
536903296,39.3673,-77.0967,473
536903296,39.3673,-77.0967,468
536903344,39.3673,-77.0967,464
536903296,39.3673,-77.0967,459
536903296,39.3672,-77.0967,455
536903296,39.3672,-77.0966,451
536903296,39.3672,-77.0966,447
536903296,39.3672,-77.0966,444
536903296,39.3672,-77.0965,439
536903296,39.3671,-77.0965,435
536903296,39.3671,-77.0965,430
536903296,39.3671,-77.0965,426
536903296,39.3671,-77.0964,422
536903184,39.3671,-77.0964,418
536903184,39.3670,-77.0963,414
536903184,39.3670,-77.0963,410
536903184,39.3670,-77.0963,406
536903184,39.3670,-77.0963,402
536903184,39.3670,-77.0963,397
536903296,39.3670,-77.0964,393
536903344,39.3670,-77.0964,388
536903296,39.3670,-77.0964,384
536903296,39.3670,-77.0964,380
536903296,39.3670,-77.0964,375
536903296,39.3670,-77.0965,365
536903296,39.3670,-77.0965,360
536903296,39.3670,-77.0965,355
536903296,39.3670,-77.0965,350
536903296,39.3670,-77.0965,345
536903296,39.3671,-77.0965,339
536903296,39.3671,-77.0965,333
536903296,39.3671,-77.0965,327
536903048,39.3671,-77.0964,321
536903048,39.3671,-77.0964,315
536903048,39.3672,-77.0964,309
536903048,39.3672,-77.0964,303
536903048,39.3672,-77.0963,298
536903048,39.3672,-77.0963,292
536903048,39.3672,-77.0963,286
536903048,39.3673,-77.0963,280
536903048,39.3673,-77.0963,275
536903048,39.3673,-77.0963,269
536903048,39.3673,-77.0963,264
536903048,39.3673,-77.0962,259
536903048,39.3674,-77.0962,254
536903048,39.3674,-77.0962,249
536903048,39.3674,-77.0961,243
536903184,39.3674,-77.0961,238
536903184,39.3675,-77.0961,234
536903184,39.3675,-77.0961,230
536903184,39.3675,-77.0960,229
536903296,39.3675,-77.0960,228
536903296,39.3675,-77.0960,228
536903296,39.3675,-77.0960,228
536903296,39.3675,-77.0960,228
536903296,39.3675,-77.0960,228
536903296,39.3675,-77.0960,228
536903344,39.3675,-77.0960,228
536903344,39.3675,-77.0960,228
536903296,39.3675,-77.0960,228
536903296,39.3675,-77.0960,228
536903296,39.3675,-77.0960,228
536903296,39.3675,-77.0960,228
536903296,39.3675,-77.0960,228
536903344,39.3675,-77.0960,228
536903344,39.3675,-77.0960,229
536903184,39.3675,-77.0960,229
536903184,39.3675,-77.0960,229
536903184,39.3675,-77.0960,228
536903184,39.3675,-77.0960,228
536903184,39.3675,-77.0960,228
536903184,39.3675,-77.0960,228
536903184,39.3675,-77.0960,228
536903184,39.3675,-77.0961,228
536903296,39.3675,-77.0960,228
536903296,39.3675,-77.0960,228
536903296,39.3675,-77.0960,228
536903296,39.3675,-77.0960,228
536903344,39.3675,-77.0960,228
536903344,39.3675,-77.0960,228
536903296,39.3675,-77.0960,229
536903296,39.3675,-77.0960,228
536903344,39.3675,-77.0960,228
536903344,39.3675,-77.0960,228
536903296,39.3675,-77.0960,228
536903296,39.3675,-77.0960,228
536903296,39.3675,-77.0960,227
536903296,39.3675,-77.0960,227
536903296,39.3675,-77.0960,227
536903184,39.3675,-77.0960,227
536903184,39.3675,-77.0960,227
536903184,39.3675,-77.0960,226
536903184,39.3675,-77.0960,226
536903184,39.3675,-77.0960,226
536903184,39.3675,-77.0960,225